1916
1999 6
2000 6
2001 6
2002 6
2003 6
2004 6
2005 6
2006 6
2007 6
2008 6
2009 6
2010 6
2011 6
2012 6
2013 6
2014 6
2015 6
2016 6
2017 6
2018 6
2019 6
2020 6
2021 6
2022 6
2023 6
2024 6
2025 6
2026 6
2027 6
2028 6
2029 6
2030 6
2031 6
2032 6
2033 6
2034 6
2035 6
2036 6
2037 6
2038 6
2039 6
2040 6
2041 6
2042 6
2043 6
2044 6
2045 6
2046 6
2047 6
2048 6
2049 6
2050 6
2051 6
2052 6
2053 6
2054 6
2055 6
2056 6
2057 6
2058 6
2059 6
2060 6
2061 6
2062 6
2063 6
2064 6
2065 6
2066 6
2067 6
2068 6
2069 6
2070 6
2071 6
2072 6
2073 6
2074 6
2075 6
2076 6
2077 6
2078 6
2079 6
2080 6
2081 6
2082 6
2083 6
2084 6
2085 6
2086 6
2087 6
2088 6
2089 6
2090 6
2091 6
2092 6
2093 6
2094 6
2095 6
2096 6
2097 6
2098 6
2099 6
2100 6
2101 6
2102 6
2103 6
2104 6
3674 6
3675 6
3676 6
3677 6
3678 6
3679 6
3680 6
3681 6
3682 6
3683 6
3684 6
3685 6
3686 6
3687 6
3688 6
3689 6
3690 6
3691 6
3692 6
3693 6
3694 6
3695 6
3696 6
3697 6
3698 6
3699 6
3700 6
3701 6
3702 6
3703 6
3704 6
3705 6
3706 6
3707 6
3708 6
3709 6
3710 6
3711 6
3712 6
3713 6
3714 6
3715 6
3716 6
3717 6
3718 6
3719 6
3720 6
3721 6
3722 6
3723 6
3724 6
3725 6
3726 6
3727 6
3728 6
3729 6
3730 6
3731 6
3732 6
3733 6
3734 6
3735 6
3736 6
3737 6
3738 6
3739 6
3740 6
3741 6
3742 6
3743 6
3744 6
3745 6
3746 6
3747 6
3748 6
3749 6
3750 6
3751 6
3752 6
3753 6
3754 6
3755 6
3756 6
3757 6
3758 6
3759 6
3760 6
3761 6
3762 6
3763 6
3764 6
3765 6
3766 6
3767 6
3768 6
3769 6
3770 6
3771 6
3772 6
3773 6
3774 6
3775 6
3776 6
1154 6
1155 6
1156 6
1157 6
1158 6
1159 6
1160 6
1161 6
1162 6
1163 6
1164 6
1165 6
1166 6
1167 6
1168 6
1169 6
1170 6
1171 6
1172 6
1173 6
1174 6
1175 6
1176 6
1177 6
1178 6
1179 6
1180 6
1181 6
1182 6
1183 6
1184 6
1185 6
1186 6
1187 6
1188 6
1189 6
1190 6
1191 6
1192 6
1193 6
1194 6
1195 6
1196 6
1197 6
1198 6
1199 6
1200 6
1201 6
1202 6
1203 6
1204 6
1205 6
1206 6
1207 6
1208 6
1209 6
1210 6
1211 6
1212 6
1213 6
1214 6
1215 6
1216 6
1217 6
1218 6
1219 6
1220 6
1221 6
1222 6
1223 6
1224 6
1225 6
1226 6
1227 6
1228 6
1229 6
1230 6
1231 6
1232 6
1233 6
1234 6
1235 6
1236 6
1237 6
1238 6
1239 6
1240 6
1241 6
1242 6
1243 6
1244 6
1245 6
1246 6
1247 6
1248 6
1249 6
1250 6
1251 6
1252 6
1253 6
1254 6
1255 6
1256 6
2847 5
2848 5
2849 5
2850 5
2851 5
2852 5
2853 5
2854 5
2855 5
2856 5
2857 5
2858 5
2859 5
2860 5
2861 5
2862 5
2863 5
2864 5
2865 5
2866 5
2867 5
2868 5
2869 5
2870 5
2871 5
2872 5
2873 5
2874 5
2875 5
2876 5
2877 5
2878 5
2879 5
2880 5
2881 5
2882 5
2883 5
2884 5
2885 5
2886 5
2887 5
2888 5
2889 5
2890 5
2891 5
2892 5
2893 5
2894 5
2895 5
2896 5
2897 5
2898 5
2899 5
2900 5
2901 5
2902 5
2903 5
2904 5
2905 5
2906 5
2907 5
2908 5
2909 5
2910 5
2911 5
2912 5
2913 5
2914 5
2915 5
2916 5
2917 5
2918 5
2919 5
2920 5
2921 5
2922 5
2923 5
2924 5
2925 5
2926 5
2927 5
2928 5
2929 5
2930 5
2931 5
2932 5
2933 5
2934 5
2935 5
2936 5
2937 5
2938 5
2939 5
2940 5
2941 5
2942 5
2943 5
2944 5
2945 5
2946 5
2947 5
2948 5
2949 5
2950 5
2951 5
2952 5
494 3
597 3
700 3
803 3
906 3
1009 3
1112 3
1215 3
493 3
596 3
699 3
802 3
905 3
1008 3
1111 3
1214 3
492 3
595 3
698 3
801 3
904 3
1007 3
1110 3
1213 3
491 3
594 3
697 3
800 3
903 3
1006 3
1109 3
1212 3
490 3
593 3
696 3
799 3
902 3
1005 3
1108 3
1211 3
489 3
592 3
695 3
798 3
901 3
1004 3
1107 3
1210 3
488 3
591 3
694 3
797 3
900 3
1003 3
1106 3
1209 3
487 3
590 3
693 3
796 3
899 3
1002 3
1105 3
1208 3
486 3
589 3
692 3
795 3
898 3
1001 3
1104 3
1207 3
502 4
605 4
708 4
811 4
914 4
1017 4
1120 4
1223 4
2930 1
2824 1
2718 1
2612 1
2506 1
2400 1
2294 1
2188 1
2931 1
2825 1
2719 1
2613 1
2507 1
2401 1
2295 1
2189 1
2932 1
2826 1
2720 1
2614 1
2508 1
2402 1
2296 1
2190 1
2933 1
2827 1
2721 1
2615 1
2509 1
2403 1
2297 1
2191 1
2934 1
2828 1
2722 1
2616 1
2510 1
2404 1
2298 1
2192 1
2935 1
2829 1
2723 1
2617 1
2511 1
2405 1
2299 1
2193 1
2936 1
2830 1
2724 1
2618 1
2512 1
2406 1
2300 1
2194 1
2937 1
2831 1
2725 1
2619 1
2513 1
2407 1
2301 1
2195 1
2938 1
2832 1
2726 1
2620 1
2514 1
2408 1
2302 1
2196 1
2939 2
2833 2
2727 2
2621 2
2515 2
2409 2
2303 2
2197 2
5198 1
5095 1
4992 1
4889 1
4786 1
4683 1
4580 1
5197 1
5094 1
4991 1
4888 1
4785 1
4682 1
4579 1
5196 1
5093 1
4990 1
4887 1
4784 1
4681 1
4578 1
5195 1
5092 1
4989 1
4886 1
4783 1
4680 1
4577 1
5194 1
5091 1
4988 1
4885 1
4782 1
4679 1
4576 1
5193 1
5090 1
4987 1
4884 1
4781 1
4678 1
4575 1
5192 1
5089 1
4986 1
4883 1
4780 1
4677 1
4574 1
5191 1
5088 1
4985 1
4882 1
4779 1
4676 1
4573 1
5190 1
5087 1
4984 1
4881 1
4778 1
4675 1
4572 1
5206 4
5103 4
5000 4
4897 4
4794 4
4691 4
4588 4
5296 1
5402 1
5508 1
5614 1
5720 1
5826 1
5932 1
5297 1
5403 1
5509 1
5615 1
5721 1
5827 1
5933 1
5298 1
5404 1
5510 1
5616 1
5722 1
5828 1
5934 1
5299 1
5405 1
5511 1
5617 1
5723 1
5829 1
5935 1
5300 1
5406 1
5512 1
5618 1
5724 1
5830 1
5936 1
5301 1
5407 1
5513 1
5619 1
5725 1
5831 1
5937 1
5302 1
5408 1
5514 1
5620 1
5726 1
5832 1
5938 1
5303 1
5409 1
5515 1
5621 1
5727 1
5833 1
5939 1
5304 1
5410 1
5516 1
5622 1
5728 1
5834 1
5940 1
5305 2
5411 2
5517 2
5623 2
5729 2
5835 2
5941 2
5137 6
5138 6
5139 6
5140 6
5141 6
5142 6
5143 6
5144 6
5145 6
5146 6
5147 6
5148 6
5149 6
5150 6
5151 6
5152 6
5153 6
5154 6
5155 6
5156 6
5157 6
5158 6
5159 6
5160 6
5161 6
5162 6
5163 6
5164 6
5165 6
5166 6
5167 6
5168 6
5169 6
5170 6
5171 6
5172 6
5173 6
5174 6
5175 6
5176 6
5177 6
5178 6
5179 6
5180 6
5181 6
5182 6
5183 6
5184 6
5185 6
5186 6
5187 6
5188 6
5189 6
5190 6
5191 6
5192 6
5193 6
5194 6
5195 6
5196 6
5197 6
5198 6
5199 6
5200 6
5201 6
5202 6
5203 6
5204 6
5205 6
5206 6
5207 6
5208 6
5209 6
5210 6
5211 6
5212 6
5213 6
5214 6
5215 6
5216 6
5217 6
5218 6
5219 6
5220 6
5221 6
5222 6
5223 6
5224 6
5225 6
5226 6
5227 6
5228 6
5229 6
5230 6
5231 6
5232 6
5233 6
5234 6
5235 6
5236 6
5237 6
5238 6
5239 6
5876 6
5877 6
5878 6
5879 6
5880 6
5881 6
5882 6
5883 6
5884 6
5885 6
5886 6
5887 6
5888 6
5889 6
5890 6
5891 6
5892 6
5893 6
5894 6
5895 6
5896 6
5897 6
5898 6
5899 6
5900 6
5901 6
5902 6
5903 6
5904 6
5905 6
5906 6
5907 6
5908 6
5909 6
5910 6
5911 6
5912 6
5913 6
5914 6
5915 6
5916 6
5917 6
5918 6
5919 6
5920 6
5921 6
5922 6
5923 6
5924 6
5925 6
5926 6
5927 6
5928 6
5929 6
5930 6
5931 6
5932 6
5933 6
5934 6
5935 6
5936 6
5937 6
5938 6
5939 6
5940 6
5941 6
5942 6
5943 6
5944 6
5945 6
5946 6
5947 6
5948 6
5949 6
5950 6
5951 6
5952 6
5953 6
5954 6
5955 6
5956 6
5957 6
5958 6
5959 6
5960 6
5961 6
5962 6
5963 6
5964 6
5965 6
5966 6
5967 6
5968 6
5969 6
5970 6
5971 6
5972 6
5973 6
5974 6
5975 6
5976 6
5977 6
5978 6
5979 6
5980 6
5981 6
4413 6
4414 6
4415 6
4416 6
4417 6
4418 6
4419 6
4420 6
4421 6
4422 6
4423 6
4424 6
4425 6
4426 6
4427 6
4428 6
4429 6
4430 6
4431 6
4432 6
4433 6
4434 6
4435 6
4436 6
4437 6
4438 6
4439 6
4440 6
4441 6
4442 6
4443 6
4444 6
4445 6
4446 6
4447 6
4448 6
4449 6
4450 6
4451 6
4452 6
4453 6
4454 6
4455 6
4456 6
4457 6
4458 6
4459 6
4460 6
4461 6
4462 6
4463 6
4464 6
4465 6
4466 6
4467 6
4468 6
4469 6
4470 6
4471 6
4472 6
4473 6
4474 6
4475 6
4476 6
4477 6
4478 6
4479 6
4480 6
4481 6
4482 6
4483 6
4484 6
4485 6
4486 6
4487 6
4488 6
4489 6
4490 6
4491 6
4492 6
4493 6
4494 6
4495 6
4496 6
4497 6
4498 6
4499 6
4500 6
4501 6
4502 6
4503 6
4504 6
4505 6
4506 6
4507 6
4508 6
4509 6
4510 6
4511 6
4512 6
4513 6
4514 6
4515 6
4516 6
4517 6
4518 6
6600 6
6601 6
6602 6
6603 6
6604 6
6605 6
6606 6
6607 6
6608 6
6609 6
6610 6
6611 6
6612 6
6613 6
6614 6
6615 6
6616 6
6617 6
6618 6
6619 6
6620 6
6621 6
6622 6
6623 6
6624 6
6625 6
6626 6
6627 6
6628 6
6629 6
6630 6
6631 6
6632 6
6633 6
6634 6
6635 6
6636 6
6637 6
6638 6
6639 6
6640 6
6641 6
6642 6
6643 6
6644 6
6645 6
6646 6
6647 6
6648 6
6649 6
6650 6
6651 6
6652 6
6653 6
6654 6
6655 6
6656 6
6657 6
6658 6
6659 6
6660 6
6661 6
6662 6
6663 6
6664 6
6665 6
6666 6
6667 6
6668 6
6669 6
6670 6
6671 6
6672 6
6673 6
6674 6
6675 6
6676 6
6677 6
6678 6
6679 6
6680 6
6681 6
6682 6
6683 6
6684 6
6685 6
6686 6
6687 6
6688 6
6689 6
6690 6
6691 6
6692 6
6693 6
6694 6
6695 6
6696 6
6697 6
6698 6
6699 6
6700 6
6701 6
6702 6
3833 1
3939 1
4045 1
4151 1
4257 1
4363 1
4469 1
3834 1
3940 1
4046 1
4152 1
4258 1
4364 1
4470 1
3835 1
3941 1
4047 1
4153 1
4259 1
4365 1
4471 1
3836 1
3942 1
4048 1
4154 1
4260 1
4366 1
4472 1
3837 1
3943 1
4049 1
4155 1
4261 1
4367 1
4473 1
3838 1
3944 1
4050 1
4156 1
4262 1
4368 1
4474 1
3839 1
3945 1
4051 1
4157 1
4263 1
4369 1
4475 1
3840 1
3946 1
4052 1
4158 1
4264 1
4370 1
4476 1
3841 1
3947 1
4053 1
4159 1
4265 1
4371 1
4477 1
3842 2
3948 2
4054 2
4160 2
4266 2
4372 2
4478 2
6661 1
6558 1
6455 1
6352 1
6249 1
6146 1
6043 1
6660 1
6557 1
6454 1
6351 1
6248 1
6145 1
6042 1
6659 1
6556 1
6453 1
6350 1
6247 1
6144 1
6041 1
6658 1
6555 1
6452 1
6349 1
6246 1
6143 1
6040 1
6657 1
6554 1
6451 1
6348 1
6245 1
6142 1
6039 1
6656 1
6553 1
6450 1
6347 1
6244 1
6141 1
6038 1
6655 1
6552 1
6449 1
6346 1
6243 1
6140 1
6037 1
6654 1
6551 1
6448 1
6345 1
6242 1
6139 1
6036 1
6653 1
6550 1
6447 1
6344 1
6241 1
6138 1
6035 1
6669 4
6566 4
6463 4
6360 4
6257 4
6154 4
6051 4
2055 3
1949 3
1843 3
1737 3
1631 3
1525 3
1419 3
1313 3
2056 3
1950 3
1844 3
1738 3
1632 3
1526 3
1420 3
1314 3
2057 3
1951 3
1845 3
1739 3
1633 3
1527 3
1421 3
1315 3
2058 3
1952 3
1846 3
1740 3
1634 3
1528 3
1422 3
1316 3
2059 3
1953 3
1847 3
1741 3
1635 3
1529 3
1423 3
1317 3
2060 3
1954 3
1848 3
1742 3
1636 3
1530 3
1424 3
1318 3
2061 3
1955 3
1849 3
1743 3
1637 3
1531 3
1425 3
1319 3
2062 3
1956 3
1850 3
1744 3
1638 3
1532 3
1426 3
1320 3
2063 3
1957 3
1851 3
1745 3
1639 3
1533 3
1427 3
1321 3
2064 2
1958 2
1852 2
1746 2
1640 2
1534 2
1428 2
1322 2
3014 3
3117 3
3220 3
3323 3
3426 3
3529 3
3632 3
3735 3
3013 3
3116 3
3219 3
3322 3
3425 3
3528 3
3631 3
3734 3
3012 3
3115 3
3218 3
3321 3
3424 3
3527 3
3630 3
3733 3
3011 3
3114 3
3217 3
3320 3
3423 3
3526 3
3629 3
3732 3
3010 3
3113 3
3216 3
3319 3
3422 3
3525 3
3628 3
3731 3
3009 3
3112 3
3215 3
3318 3
3421 3
3524 3
3627 3
3730 3
3008 3
3111 3
3214 3
3317 3
3420 3
3523 3
3626 3
3729 3
3007 3
3110 3
3213 3
3316 3
3419 3
3522 3
3625 3
3728 3
3006 3
3109 3
3212 3
3315 3
3418 3
3521 3
3624 3
3727 3
3022 4
3125 4
3228 4
3331 4
3434 4
3537 4
3640 4
3743 4
4485 1
4379 1
4273 1
4167 1
4061 1
3955 1
3849 1
4484 1
4378 1
4272 1
4166 1
4060 1
3954 1
3848 1
4483 1
4377 1
4271 1
4165 1
4059 1
3953 1
3847 1
4482 1
4376 1
4270 1
4164 1
4058 1
3952 1
3846 1
4481 1
4375 1
4269 1
4163 1
4057 1
3951 1
3845 1
4480 1
4374 1
4268 1
4162 1
4056 1
3950 1
3844 1
4479 1
4373 1
4267 1
4161 1
4055 1
3949 1
3843 1
4478 1
4372 1
4266 1
4160 1
4054 1
3948 1
3842 1
1329 3
1435 3
1541 3
1647 3
1753 3
1859 3
1965 3
2071 3
1328 3
1434 3
1540 3
1646 3
1752 3
1858 3
1964 3
2070 3
1327 3
1433 3
1539 3
1645 3
1751 3
1857 3
1963 3
2069 3
1326 3
1432 3
1538 3
1644 3
1750 3
1856 3
1962 3
2068 3
1325 3
1431 3
1537 3
1643 3
1749 3
1855 3
1961 3
2067 3
1324 3
1430 3
1536 3
1642 3
1748 3
1854 3
1960 3
2066 3
1323 3
1429 3
1535 3
1641 3
1747 3
1853 3
1959 3
2065 3
1322 3
1428 3
1534 3
1640 3
1746 3
1852 3
1958 3
2064 3
4581 1
4684 1
4787 1
4890 1
4993 1
5096 1
5199 1
4582 1
4685 1
4788 1
4891 1
4994 1
5097 1
5200 1
4583 1
4686 1
4789 1
4892 1
4995 1
5098 1
5201 1
4584 1
4687 1
4790 1
4893 1
4996 1
5099 1
5202 1
4585 1
4688 1
4791 1
4894 1
4997 1
5100 1
5203 1
4586 1
4689 1
4792 1
4895 1
4998 1
5101 1
5204 1
4587 1
4690 1
4793 1
4896 1
4999 1
5102 1
5205 1
4588 1
4691 1
4794 1
4897 1
5000 1
5103 1
5206 1
1216 3
1113 3
1010 3
907 3
804 3
701 3
598 3
495 3
1217 3
1114 3
1011 3
908 3
805 3
702 3
599 3
496 3
1218 3
1115 3
1012 3
909 3
806 3
703 3
600 3
497 3
1219 3
1116 3
1013 3
910 3
807 3
704 3
601 3
498 3
1220 3
1117 3
1014 3
911 3
808 3
705 3
602 3
499 3
1221 3
1118 3
1015 3
912 3
809 3
706 3
603 3
500 3
1222 3
1119 3
1016 3
913 3
810 3
707 3
604 3
501 3
1223 3
1120 3
1017 3
914 3
811 3
708 3
605 3
502 3
3736 3
3633 3
3530 3
3427 3
3324 3
3221 3
3118 3
3015 3
3737 3
3634 3
3531 3
3428 3
3325 3
3222 3
3119 3
3016 3
3738 3
3635 3
3532 3
3429 3
3326 3
3223 3
3120 3
3017 3
3739 3
3636 3
3533 3
3430 3
3327 3
3224 3
3121 3
3018 3
3740 3
3637 3
3534 3
3431 3
3328 3
3225 3
3122 3
3019 3
3741 3
3638 3
3535 3
3432 3
3329 3
3226 3
3123 3
3020 3
3742 3
3639 3
3536 3
3433 3
3330 3
3227 3
3124 3
3021 3
3743 3
3640 3
3537 3
3434 3
3331 3
3228 3
3125 3
3022 3
6044 1
6147 1
6250 1
6353 1
6456 1
6559 1
6662 1
6045 1
6148 1
6251 1
6354 1
6457 1
6560 1
6663 1
6046 1
6149 1
6252 1
6355 1
6458 1
6561 1
6664 1
6047 1
6150 1
6253 1
6356 1
6459 1
6562 1
6665 1
6048 1
6151 1
6254 1
6357 1
6460 1
6563 1
6666 1
6049 1
6152 1
6255 1
6358 1
6461 1
6564 1
6667 1
6050 1
6153 1
6256 1
6359 1
6462 1
6565 1
6668 1
6051 1
6154 1
6257 1
6360 1
6463 1
6566 1
6669 1
5948 1
5842 1
5736 1
5630 1
5524 1
5418 1
5312 1
5947 1
5841 1
5735 1
5629 1
5523 1
5417 1
5311 1
5946 1
5840 1
5734 1
5628 1
5522 1
5416 1
5310 1
5945 1
5839 1
5733 1
5627 1
5521 1
5415 1
5309 1
5944 1
5838 1
5732 1
5626 1
5520 1
5414 1
5308 1
5943 1
5837 1
5731 1
5625 1
5519 1
5413 1
5307 1
5942 1
5836 1
5730 1
5624 1
5518 1
5412 1
5306 1
5941 1
5835 1
5729 1
5623 1
5517 1
5411 1
5305 1
2204 1
2310 1
2416 1
2522 1
2628 1
2734 1
2840 1
2946 1
2203 1
2309 1
2415 1
2521 1
2627 1
2733 1
2839 1
2945 1
2202 1
2308 1
2414 1
2520 1
2626 1
2732 1
2838 1
2944 1
2201 1
2307 1
2413 1
2519 1
2625 1
2731 1
2837 1
2943 1
2200 1
2306 1
2412 1
2518 1
2624 1
2730 1
2836 1
2942 1
2199 1
2305 1
2411 1
2517 1
2623 1
2729 1
2835 1
2941 1
2198 1
2304 1
2410 1
2516 1
2622 1
2728 1
2834 1
2940 1
2197 1
2303 1
2409 1
2515 1
2621 1
2727 1
2833 1
2939 1
