7664
16827 3
16831 3
16825 3
16829 3
16819 3
16823 3
16817 3
16821 3
16811 3
16815 3
16809 3
16813 3
16803 3
16807 3
16801 3
16805 3
16795 3
16799 3
16793 3
16797 3
16787 3
16791 3
16785 3
16789 3
16779 3
16783 3
16777 3
16781 3
16771 3
16775 3
16769 3
16773 3
16763 3
16767 3
16761 3
16765 3
16755 3
16759 3
16753 3
16757 3
16747 3
16751 3
16745 3
16749 3
16739 3
16743 3
16737 3
16741 3
16731 3
16735 3
16729 3
16733 3
16723 3
16727 3
16721 3
16725 3
16715 3
16719 3
16713 3
16717 3
16707 3
16711 3
16705 3
16709 3
16699 3
16703 3
16697 3
16701 3
16691 3
16695 3
16689 3
16693 3
16683 3
16687 3
16681 3
16685 3
16675 3
16679 3
16673 3
16677 3
16667 3
16671 3
16665 3
16669 3
16659 3
16663 3
16657 3
16661 3
16651 3
16655 3
16649 3
16653 3
16643 3
16647 3
16641 3
16645 3
16635 3
16639 3
16633 3
16637 3
16627 3
16631 3
16625 3
16629 3
16619 3
16623 3
15989 3
15985 3
15991 3
15987 3
15997 3
15993 3
15999 3
15995 3
16005 3
16001 3
16007 3
16003 3
16013 3
16009 3
16015 3
16011 3
16021 3
16017 3
16023 3
16019 3
16029 3
16025 3
16031 3
16027 3
16037 3
16033 3
16039 3
16035 3
16045 3
16041 3
16047 3
16043 3
16053 3
16049 3
16055 3
16051 3
16061 3
16057 3
16063 3
16059 3
16069 3
16065 3
16071 3
16067 3
16077 3
16073 3
16079 3
16075 3
16085 3
16081 3
16087 3
16083 3
16093 3
16089 3
16095 3
16091 3
16101 3
16097 3
16103 3
16099 3
16109 3
16105 3
16111 3
16107 3
16117 3
16113 3
16119 3
16115 3
16125 3
16121 3
16127 3
16123 3
16133 3
16129 3
16135 3
16131 3
16141 3
16137 3
16143 3
16139 3
16149 3
16145 3
16151 3
16147 3
16157 3
16153 3
16159 3
16155 3
16165 3
16161 3
16167 3
16163 3
16173 3
16169 3
16175 3
16171 3
16181 3
16177 3
16183 3
16179 3
16189 3
16185 3
16191 3
16187 3
16197 3
16193 3
16199 3
16195 3
16205 3
16201 3
16207 3
16203 3
16213 3
16209 3
16215 3
16211 3
16221 3
16217 3
16223 3
16219 3
16229 3
16225 3
16231 3
16227 3
16237 3
16233 3
16239 3
16235 3
16245 3
16241 3
16247 3
16243 3
16253 3
16249 3
16255 3
16251 3
16261 3
16257 3
16263 3
16259 3
16269 3
16265 3
16271 3
16267 3
16277 3
16273 3
16279 3
16275 3
16285 3
16281 3
16287 3
16283 3
16293 3
16289 3
16295 3
16291 3
16301 3
16297 3
16303 3
16299 3
16309 3
16305 3
16311 3
16307 3
16317 3
16313 3
16319 3
16315 3
16325 3
16321 3
16327 3
16323 3
16333 3
16329 3
16335 3
16331 3
16341 3
16337 3
16343 3
16339 3
16349 3
16345 3
16351 3
16347 3
16357 3
16353 3
16359 3
16355 3
16365 3
16361 3
16367 3
16363 3
16373 3
16369 3
16375 3
16371 3
16381 3
16377 3
16383 3
16379 3
16389 3
16385 3
16391 3
16387 3
16397 3
16393 3
16399 3
16395 3
16405 3
16401 3
16407 3
16403 3
16413 3
16409 3
16415 3
16411 3
16421 3
16417 3
16423 3
16419 3
16429 3
16425 3
16431 3
16427 3
16437 3
16433 3
16439 3
16435 3
16445 3
16441 3
16447 3
16443 3
16453 3
16449 3
16455 3
16451 3
16461 3
16457 3
16463 3
16459 3
16469 3
16465 3
16471 3
16467 3
16477 3
16473 3
16479 3
16475 3
16485 3
16481 3
16487 3
16483 3
16493 3
16489 3
16495 3
16491 3
16501 3
16497 3
16503 3
16499 3
16509 3
16505 3
16511 3
16507 3
16517 3
16513 3
16519 3
16515 3
16525 3
16521 3
16527 3
16523 3
16533 3
16529 3
16535 3
16531 3
16541 3
16537 3
16543 3
16539 3
16549 3
16545 3
16551 3
16547 3
16557 3
16553 3
16559 3
16555 3
16565 3
16561 3
16567 3
16563 3
16573 3
16569 3
16575 3
16571 3
16581 3
16577 3
16583 3
16579 3
16589 3
16585 3
16591 3
16587 3
16597 3
16593 3
16599 3
16595 3
16605 3
16601 3
16607 3
16603 3
16613 3
16609 3
16615 3
16611 3
16621 3
16617 3
30203 3
30207 3
30201 3
30205 3
30195 3
30199 3
30193 3
30197 3
30187 3
30191 3
30185 3
30189 3
30179 3
30183 3
30177 3
30181 3
30171 3
30175 3
30169 3
30173 3
30163 3
30167 3
30161 3
30165 3
30155 3
30159 3
30153 3
30157 3
30147 3
30151 3
30145 3
30149 3
30139 3
30143 3
30137 3
30141 3
30131 3
30135 3
30129 3
30133 3
30123 3
30127 3
30121 3
30125 3
30115 3
30119 3
30113 3
30117 3
30107 3
30111 3
30105 3
30109 3
30099 3
30103 3
30097 3
30101 3
30091 3
30095 3
30089 3
30093 3
30083 3
30087 3
30081 3
30085 3
30075 3
30079 3
30073 3
30077 3
30067 3
30071 3
30065 3
30069 3
30059 3
30063 3
30057 3
30061 3
30051 3
30055 3
30049 3
30053 3
30043 3
30047 3
30041 3
30045 3
30035 3
30039 3
30033 3
30037 3
30027 3
30031 3
30025 3
30029 3
30019 3
30023 3
30017 3
30021 3
30011 3
30015 3
30009 3
30013 3
30003 3
30007 3
30001 3
29389 3
29385 3
29391 3
29387 3
29397 3
29393 3
29399 3
29395 3
29405 3
29401 3
29407 3
29403 3
29413 3
29409 3
29415 3
29411 3
29421 3
29417 3
29423 3
29419 3
29429 3
29425 3
29431 3
29427 3
29437 3
29433 3
29439 3
29435 3
29445 3
29441 3
29447 3
29443 3
29453 3
29449 3
29455 3
29451 3
29461 3
29457 3
29463 3
29459 3
29469 3
29465 3
29471 3
29467 3
29477 3
29473 3
29479 3
29475 3
29485 3
29481 3
29487 3
29483 3
29493 3
29489 3
29495 3
29491 3
29501 3
29497 3
29503 3
29499 3
29509 3
29505 3
29511 3
29507 3
29517 3
29513 3
29519 3
29515 3
29525 3
29521 3
29527 3
29523 3
29533 3
29529 3
29535 3
29531 3
29541 3
29537 3
29543 3
29539 3
29549 3
29545 3
29551 3
29547 3
29557 3
29553 3
29559 3
29555 3
29565 3
29561 3
29567 3
29563 3
29573 3
29569 3
29575 3
29571 3
29581 3
29577 3
29583 3
29579 3
29589 3
29585 3
29591 3
29587 3
29597 3
29593 3
29599 3
29595 3
29605 3
29601 3
29607 3
29603 3
29613 3
29609 3
29615 3
29611 3
29621 3
29617 3
29623 3
29619 3
29629 3
29625 3
29631 3
29627 3
29637 3
29633 3
29639 3
29635 3
29645 3
29641 3
29647 3
29643 3
29653 3
29649 3
29655 3
29651 3
29661 3
29657 3
29663 3
29659 3
29669 3
29665 3
29671 3
29667 3
29677 3
29673 3
29679 3
29675 3
29685 3
29681 3
29687 3
29683 3
29693 3
29689 3
29695 3
29691 3
29701 3
29697 3
29703 3
29699 3
29709 3
29705 3
29711 3
29707 3
29717 3
29713 3
29719 3
29715 3
29725 3
29721 3
29727 3
29723 3
29733 3
29729 3
29735 3
29731 3
29741 3
29737 3
29743 3
29739 3
29749 3
29745 3
29751 3
29747 3
29757 3
29753 3
29759 3
29755 3
29765 3
29761 3
29767 3
29763 3
29773 3
29769 3
29775 3
29771 3
29781 3
29777 3
29783 3
29779 3
29789 3
29785 3
29791 3
29787 3
29797 3
29793 3
29799 3
29795 3
29805 3
29801 3
29807 3
29803 3
29813 3
29809 3
29815 3
29811 3
29821 3
29817 3
29823 3
29819 3
29829 3
29825 3
29831 3
29827 3
29837 3
29833 3
29839 3
29835 3
29845 3
29841 3
29847 3
29843 3
29853 3
29849 3
29855 3
29851 3
29861 3
29857 3
29863 3
29859 3
29869 3
29865 3
29871 3
29867 3
29877 3
29873 3
29879 3
29875 3
29885 3
29881 3
29887 3
29883 3
29893 3
29889 3
29895 3
29891 3
29901 3
29897 3
29903 3
29899 3
29909 3
29905 3
29911 3
29907 3
29917 3
29913 3
29919 3
29915 3
29925 3
29921 3
29927 3
29923 3
29933 3
29929 3
29935 3
29931 3
29941 3
29937 3
29943 3
29939 3
29949 3
29945 3
29951 3
29947 3
29957 3
29953 3
29959 3
29955 3
29965 3
29961 3
29967 3
29963 3
29973 3
29969 3
29975 3
29971 3
29981 3
29977 3
29983 3
29979 3
29989 3
29985 3
29991 3
29987 3
29997 3
29993 3
29999 3
29995 3
30005 3
10043 3
10047 3
10041 3
10045 3
10035 3
10039 3
10033 3
10037 3
10027 3
10031 3
10025 3
10029 3
10019 3
10023 3
10017 3
10021 3
10011 3
10015 3
10009 3
10013 3
10003 3
10007 3
10001 3
10005 3
9995 3
9999 3
9993 3
9997 3
9987 3
9991 3
9985 3
9989 3
9979 3
9983 3
9977 3
9981 3
9971 3
9975 3
9969 3
9973 3
9963 3
9967 3
9961 3
9965 3
9955 3
9959 3
9953 3
9957 3
9947 3
9951 3
9945 3
9949 3
9939 3
9943 3
9937 3
9941 3
9931 3
9935 3
9929 3
9933 3
9923 3
9927 3
9921 3
9925 3
9915 3
9919 3
9913 3
9917 3
9907 3
9911 3
9905 3
9909 3
9899 3
9903 3
9897 3
9901 3
9891 3
9895 3
9889 3
9893 3
9883 3
9887 3
9881 3
9885 3
9875 3
9879 3
9873 3
9877 3
9867 3
9871 3
9865 3
9869 3
9859 3
9863 3
9857 3
9861 3
9851 3
9855 3
9849 3
9853 3
9843 3
9847 3
9841 3
9229 3
9225 3
9231 3
9227 3
9237 3
9233 3
9239 3
9235 3
9245 3
9241 3
9247 3
9243 3
9253 3
9249 3
9255 3
9251 3
9261 3
9257 3
9263 3
9259 3
9269 3
9265 3
9271 3
9267 3
9277 3
9273 3
9279 3
9275 3
9285 3
9281 3
9287 3
9283 3
9293 3
9289 3
9295 3
9291 3
9301 3
9297 3
9303 3
9299 3
9309 3
9305 3
9311 3
9307 3
9317 3
9313 3
9319 3
9315 3
9325 3
9321 3
9327 3
9323 3
9333 3
9329 3
9335 3
9331 3
9341 3
9337 3
9343 3
9339 3
9349 3
9345 3
9351 3
9347 3
9357 3
9353 3
9359 3
9355 3
9365 3
9361 3
9367 3
9363 3
9373 3
9369 3
9375 3
9371 3
9381 3
9377 3
9383 3
9379 3
9389 3
9385 3
9391 3
9387 3
9397 3
9393 3
9399 3
9395 3
9405 3
9401 3
9407 3
9403 3
9413 3
9409 3
9415 3
9411 3
9421 3
9417 3
9423 3
9419 3
9429 3
9425 3
9431 3
9427 3
9437 3
9433 3
9439 3
9435 3
9445 3
9441 3
9447 3
9443 3
9453 3
9449 3
9455 3
9451 3
9461 3
9457 3
9463 3
9459 3
9469 3
9465 3
9471 3
9467 3
9477 3
9473 3
9479 3
9475 3
9485 3
9481 3
9487 3
9483 3
9493 3
9489 3
9495 3
9491 3
9501 3
9497 3
9503 3
9499 3
9509 3
9505 3
9511 3
9507 3
9517 3
9513 3
9519 3
9515 3
9525 3
9521 3
9527 3
9523 3
9533 3
9529 3
9535 3
9531 3
9541 3
9537 3
9543 3
9539 3
9549 3
9545 3
9551 3
9547 3
9557 3
9553 3
9559 3
9555 3
9565 3
9561 3
9567 3
9563 3
9573 3
9569 3
9575 3
9571 3
9581 3
9577 3
9583 3
9579 3
9589 3
9585 3
9591 3
9587 3
9597 3
9593 3
9599 3
9595 3
9605 3
9601 3
9607 3
9603 3
9613 3
9609 3
9615 3
9611 3
9621 3
9617 3
9623 3
9619 3
9629 3
9625 3
9631 3
9627 3
9637 3
9633 3
9639 3
9635 3
9645 3
9641 3
9647 3
9643 3
9653 3
9649 3
9655 3
9651 3
9661 3
9657 3
9663 3
9659 3
9669 3
9665 3
9671 3
9667 3
9677 3
9673 3
9679 3
9675 3
9685 3
9681 3
9687 3
9683 3
9693 3
9689 3
9695 3
9691 3
9701 3
9697 3
9703 3
9699 3
9709 3
9705 3
9711 3
9707 3
9717 3
9713 3
9719 3
9715 3
9725 3
9721 3
9727 3
9723 3
9733 3
9729 3
9735 3
9731 3
9741 3
9737 3
9743 3
9739 3
9749 3
9745 3
9751 3
9747 3
9757 3
9753 3
9759 3
9755 3
9765 3
9761 3
9767 3
9763 3
9773 3
9769 3
9775 3
9771 3
9781 3
9777 3
9783 3
9779 3
9789 3
9785 3
9791 3
9787 3
9797 3
9793 3
9799 3
9795 3
9805 3
9801 3
9807 3
9803 3
9813 3
9809 3
9815 3
9811 3
9821 3
9817 3
9823 3
9819 3
9829 3
9825 3
9831 3
9827 3
9837 3
9833 3
9839 3
9835 3
9845 3
23616 1
23612 1
23614 1
23610 1
23608 1
23604 1
23606 1
23602 1
23600 1
23596 1
23598 1
23594 1
23592 1
23588 1
23590 1
23586 1
23584 1
23580 1
23582 1
23578 1
23576 1
23572 1
23574 1
23570 1
23568 1
23564 1
23566 1
23562 1
23560 1
23556 1
23558 1
23554 1
23552 1
23548 1
23550 1
23546 1
23544 1
23540 1
23542 1
23538 1
23536 1
23532 1
23534 1
23530 1
23528 1
23524 1
23526 1
23522 1
23520 1
23516 1
23518 1
23514 1
23512 1
23508 1
23510 1
23506 1
23504 1
23500 1
23502 1
23498 1
23496 1
23492 1
23494 1
23490 1
23488 1
23484 1
23486 1
23482 1
23480 1
23476 1
23478 1
23474 1
23472 1
23468 1
23470 1
23466 1
23464 1
23460 1
23462 1
23458 1
23456 1
23452 1
23454 1
23450 1
23448 1
23444 1
23446 1
23442 1
23440 1
23436 1
23438 1
23434 1
23432 1
23428 1
23430 1
23426 1
23424 1
23420 1
23422 1
23418 1
23416 1
23412 1
23414 1
23410 1
23408 1
23404 1
22770 1
22774 1
22772 1
22776 1
22778 1
22782 1
22780 1
22784 1
22786 1
22790 1
22788 1
22792 1
22794 1
22798 1
22796 1
22800 1
22802 1
22806 1
22804 1
22808 1
22810 1
22814 1
22812 1
22816 1
22818 1
22822 1
22820 1
22824 1
22826 1
22830 1
22828 1
22832 1
22834 1
22838 1
22836 1
22840 1
22842 1
22846 1
22844 1
22848 1
22850 1
22854 1
22852 1
22856 1
22858 1
22862 1
22860 1
22864 1
22866 1
22870 1
22868 1
22872 1
22874 1
22878 1
22876 1
22880 1
22882 1
22886 1
22884 1
22888 1
22890 1
22894 1
22892 1
22896 1
22898 1
22902 1
22900 1
22904 1
22906 1
22910 1
22908 1
22912 1
22914 1
22918 1
22916 1
22920 1
22922 1
22926 1
22924 1
22928 1
22930 1
22934 1
22932 1
22936 1
22938 1
22942 1
22940 1
22944 1
22946 1
22950 1
22948 1
22952 1
22954 1
22958 1
22956 1
22960 1
22962 1
22966 1
22964 1
22968 1
22970 1
22974 1
22972 1
22976 1
22978 1
22982 1
22980 1
22984 1
22986 1
22990 1
22988 1
22992 1
22994 1
22998 1
22996 1
23000 1
23002 1
23006 1
23004 1
23008 1
23010 1
23014 1
23012 1
23016 1
23018 1
23022 1
23020 1
23024 1
23026 1
23030 1
23028 1
23032 1
23034 1
23038 1
23036 1
23040 1
23042 1
23046 1
23044 1
23048 1
23050 1
23054 1
23052 1
23056 1
23058 1
23062 1
23060 1
23064 1
23066 1
23070 1
23068 1
23072 1
23074 1
23078 1
23076 1
23080 1
23082 1
23086 1
23084 1
23088 1
23090 1
23094 1
23092 1
23096 1
23098 1
23102 1
23100 1
23104 1
23106 1
23110 1
23108 1
23112 1
23114 1
23118 1
23116 1
23120 1
23122 1
23126 1
23124 1
23128 1
23130 1
23134 1
23132 1
23136 1
23138 1
23142 1
23140 1
23144 1
23146 1
23150 1
23148 1
23152 1
23154 1
23158 1
23156 1
23160 1
23162 1
23166 1
23164 1
23168 1
23170 1
23174 1
23172 1
23176 1
23178 1
23182 1
23180 1
23184 1
23186 1
23190 1
23188 1
23192 1
23194 1
23198 1
23196 1
23200 1
23202 1
23206 1
23204 1
23208 1
23210 1
23214 1
23212 1
23216 1
23218 1
23222 1
23220 1
23224 1
23226 1
23230 1
23228 1
23232 1
23234 1
23238 1
23236 1
23240 1
23242 1
23246 1
23244 1
23248 1
23250 1
23254 1
23252 1
23256 1
23258 1
23262 1
23260 1
23264 1
23266 1
23270 1
23268 1
23272 1
23274 1
23278 1
23276 1
23280 1
23282 1
23286 1
23284 1
23288 1
23290 1
23294 1
23292 1
23296 1
23298 1
23302 1
23300 1
23304 1
23306 1
23310 1
23308 1
23312 1
23314 1
23318 1
23316 1
23320 1
23322 1
23326 1
23324 1
23328 1
23330 1
23334 1
23332 1
23336 1
23338 1
23342 1
23340 1
23344 1
23346 1
23350 1
23348 1
23352 1
23354 1
23358 1
23356 1
23360 1
23362 1
23366 1
23364 1
23368 1
23370 1
23374 1
23372 1
23376 1
23378 1
23382 1
23380 1
23384 1
23386 1
23390 1
23388 1
23392 1
23394 1
23398 1
23396 1
23400 1
23402 1
23406 1
9780 2
9779 2
9778 2
9777 2
8956 2
8955 2
8954 2
8953 2
8132 2
8131 2
8130 2
8129 2
7308 2
7307 2
7306 2
7305 2
6484 2
6483 2
6482 2
6481 2
5660 2
5659 2
5658 2
5657 2
4836 2
4835 2
4834 2
4833 2
4012 2
4011 2
4010 2
4009 2
9650 6
9649 6
9654 6
9653 6
8826 6
8825 6
8830 6
8829 6
8002 6
8001 6
8006 6
8005 6
7178 6
7177 6
7182 6
7181 6
6354 6
6353 6
6358 6
6357 6
5530 6
5529 6
5534 6
5533 6
4706 6
4705 6
4710 6
4709 6
3882 6
3881 6
3886 6
3885 6
9658 6
9657 6
9662 6
9661 6
8834 6
8833 6
8838 6
8837 6
8010 6
8009 6
8014 6
8013 6
7186 6
7185 6
7190 6
7189 6
3949 6
3950 6
3945 6
3946 6
4773 6
4774 6
4769 6
4770 6
5597 6
5598 6
5593 6
5594 6
6421 6
6422 6
6417 6
6418 6
7245 6
7246 6
7241 6
7242 6
8069 6
8070 6
8065 6
8066 6
8893 6
8894 6
8889 6
8890 6
9717 6
9718 6
9713 6
9714 6
3941 6
3942 6
3937 6
3938 6
4765 6
4766 6
4761 6
4762 6
5589 6
5590 6
5585 6
5586 6
6413 6
6414 6
6409 6
6410 6
7237 6
7238 6
7233 6
7234 6
8061 6
8062 6
8057 6
8058 6
8885 6
8886 6
8881 6
8882 6
9709 6
9710 6
9705 6
9706 6
3933 6
3934 6
3929 6
3930 6
4757 6
4758 6
4753 6
4754 6
5581 6
5582 6
5577 6
5578 6
6405 6
6406 6
6401 6
6402 6
7229 6
7230 6
7225 6
7226 6
8053 6
8054 6
8049 6
8050 6
8877 6
8878 6
8873 6
8874 6
9701 6
9702 6
9697 6
9698 6
3925 6
3926 6
3921 6
3922 6
4749 6
4750 6
4745 6
4746 6
5573 6
5574 6
5569 6
5570 6
6397 6
6398 6
6393 6
6394 6
7221 6
7222 6
7217 6
7218 6
8045 6
8046 6
8041 6
8042 6
8869 6
8870 6
8865 6
8866 6
9693 6
9694 6
9689 6
9690 6
3917 6
3918 6
3913 6
3914 6
4741 6
4742 6
4737 6
4738 6
5565 6
5566 6
5561 6
5562 6
6389 6
6390 6
6385 6
6386 6
7213 6
7214 6
7209 6
7210 6
8037 6
8038 6
8033 6
8034 6
8861 6
8862 6
8857 6
8858 6
9685 6
9686 6
9681 6
9682 6
3909 6
3910 6
3905 6
3906 6
4733 6
4734 6
4729 6
4730 6
5557 6
5558 6
5553 6
5554 6
6381 6
6382 6
6377 6
6378 6
7205 6
7206 6
7201 6
7202 6
8029 6
8030 6
8025 6
8026 6
8853 6
8854 6
8849 6
8850 6
9677 6
9678 6
9673 6
9674 6
3901 6
3902 6
3897 6
3898 6
4725 6
4726 6
4721 6
4722 6
5549 6
5550 6
5545 6
5546 6
6373 6
6374 6
6369 6
6370 6
7197 6
7198 6
7193 6
7194 6
8021 6
8022 6
8017 6
8018 6
8845 6
8846 6
8841 6
8842 6
9669 6
9670 6
9665 6
9666 6
3893 6
3894 6
3889 6
3890 6
4717 6
4718 6
4713 6
4714 6
5541 6
5542 6
5537 6
5538 6
6365 6
6366 6
6361 6
6362 6
17574 4
17573 4
17576 4
17575 4
18422 4
18421 4
18424 4
18423 4
19270 4
19269 4
19272 4
19271 4
20118 4
20117 4
20120 4
20119 4
20966 4
20965 4
20968 4
20967 4
21814 4
21813 4
21816 4
21815 4
22662 4
22661 4
22664 4
22663 4
23510 4
23509 4
23512 4
23511 4
17568 5
17567 5
17564 5
17563 5
18416 5
18415 5
18412 5
18411 5
19264 5
19263 5
19260 5
19259 5
20112 5
20111 5
20108 5
20107 5
20960 5
20959 5
20956 5
20955 5
21808 5
21807 5
21804 5
21803 5
22656 5
22655 5
22652 5
22651 5
23504 5
23503 5
23500 5
23499 5
17560 5
17559 5
17556 5
17555 5
18408 5
18407 5
18404 5
18403 5
19256 5
19255 5
19252 5
19251 5
20104 5
20103 5
20100 5
20099 5
23435 5
23436 5
23439 5
23440 5
22587 5
22588 5
22591 5
22592 5
21739 5
21740 5
21743 5
21744 5
20891 5
20892 5
20895 5
20896 5
20043 5
20044 5
20047 5
20048 5
19195 5
19196 5
19199 5
19200 5
18347 5
18348 5
18351 5
18352 5
17499 5
17500 5
17503 5
17504 5
23443 5
23444 5
23447 5
23448 5
22595 5
22596 5
22599 5
22600 5
21747 5
21748 5
21751 5
21752 5
20899 5
20900 5
20903 5
20904 5
20051 5
20052 5
20055 5
20056 5
19203 5
19204 5
19207 5
19208 5
18355 5
18356 5
18359 5
18360 5
17507 5
17508 5
17511 5
17512 5
23451 5
23452 5
23455 5
23456 5
22603 5
22604 5
22607 5
22608 5
21755 5
21756 5
21759 5
21760 5
20907 5
20908 5
20911 5
20912 5
20059 5
20060 5
20063 5
20064 5
19211 5
19212 5
19215 5
19216 5
18363 5
18364 5
18367 5
18368 5
17515 5
17516 5
17519 5
17520 5
23459 5
23460 5
23463 5
23464 5
22611 5
22612 5
22615 5
22616 5
21763 5
21764 5
21767 5
21768 5
20915 5
20916 5
20919 5
20920 5
20067 5
20068 5
20071 5
20072 5
19219 5
19220 5
19223 5
19224 5
18371 5
18372 5
18375 5
18376 5
17523 5
17524 5
17527 5
17528 5
23467 5
23468 5
23471 5
23472 5
22619 5
22620 5
22623 5
22624 5
21771 5
21772 5
21775 5
21776 5
20923 5
20924 5
20927 5
20928 5
20075 5
20076 5
20079 5
20080 5
19227 5
19228 5
19231 5
19232 5
18379 5
18380 5
18383 5
18384 5
17531 5
17532 5
17535 5
17536 5
23475 5
23476 5
23479 5
23480 5
22627 5
22628 5
22631 5
22632 5
21779 5
21780 5
21783 5
21784 5
20931 5
20932 5
20935 5
20936 5
20083 5
20084 5
20087 5
20088 5
19235 5
19236 5
19239 5
19240 5
18387 5
18388 5
18391 5
18392 5
17539 5
17540 5
17543 5
17544 5
23483 5
23484 5
23487 5
23488 5
22635 5
22636 5
22639 5
22640 5
21787 5
21788 5
21791 5
21792 5
20939 5
20940 5
20943 5
20944 5
20091 5
20092 5
20095 5
20096 5
19243 5
19244 5
19247 5
19248 5
18395 5
18396 5
18399 5
18400 5
17547 5
17548 5
17551 5
17552 5
23491 5
23492 5
23495 5
23496 5
22643 5
22644 5
22647 5
22648 5
21795 5
21796 5
21799 5
21800 5
20947 5
20948 5
20951 5
20952 5
36697 2
36698 2
36699 2
36700 2
37521 2
37522 2
37523 2
37524 2
38345 2
38346 2
38347 2
38348 2
39169 2
39170 2
39171 2
39172 2
39993 2
39994 2
39995 2
39996 2
40817 2
40818 2
40819 2
40820 2
41641 2
41642 2
41643 2
41644 2
36571 5
36572 5
36575 5
36576 5
37395 5
37396 5
37399 5
37400 5
38219 5
38220 5
38223 5
38224 5
39043 5
39044 5
39047 5
39048 5
39867 5
39868 5
39871 5
39872 5
40691 5
40692 5
40695 5
40696 5
41515 5
41516 5
41519 5
41520 5
36579 5
36580 5
36583 5
36584 5
37403 5
37404 5
37407 5
37408 5
38227 5
38228 5
38231 5
38232 5
39051 5
39052 5
41584 5
41583 5
41580 5
41579 5
40760 5
40759 5
40756 5
40755 5
39936 5
39935 5
39932 5
39931 5
39112 5
39111 5
39108 5
39107 5
38288 5
38287 5
38284 5
38283 5
37464 5
37463 5
37460 5
37459 5
36640 5
36639 5
36636 5
36635 5
41576 5
41575 5
41572 5
41571 5
40752 5
40751 5
40748 5
40747 5
39928 5
39927 5
39924 5
39923 5
39104 5
39103 5
39100 5
39099 5
38280 5
38279 5
38276 5
38275 5
37456 5
37455 5
37452 5
37451 5
36632 5
36631 5
36628 5
36627 5
41568 5
41567 5
41564 5
41563 5
40744 5
40743 5
40740 5
40739 5
39920 5
39919 5
39916 5
39915 5
39096 5
39095 5
39092 5
39091 5
38272 5
38271 5
38268 5
38267 5
37448 5
37447 5
37444 5
37443 5
36624 5
36623 5
36620 5
36619 5
41560 5
41559 5
41556 5
41555 5
40736 5
40735 5
40732 5
40731 5
39912 5
39911 5
39908 5
39907 5
39088 5
39087 5
39084 5
39083 5
38264 5
38263 5
38260 5
38259 5
37440 5
37439 5
37436 5
37435 5
36616 5
36615 5
36612 5
36611 5
41552 5
41551 5
41548 5
41547 5
40728 5
40727 5
40724 5
40723 5
39904 5
39903 5
39900 5
39899 5
39080 5
39079 5
39076 5
39075 5
38256 5
38255 5
38252 5
38251 5
37432 5
37431 5
37428 5
37427 5
36608 5
36607 5
36604 5
36603 5
41544 5
41543 5
41540 5
41539 5
40720 5
40719 5
40716 5
40715 5
39896 5
39895 5
39892 5
39891 5
39072 5
39071 5
39068 5
39067 5
38248 5
38247 5
38244 5
38243 5
37424 5
37423 5
37420 5
37419 5
36600 5
36599 5
36596 5
36595 5
41536 5
41535 5
41532 5
41531 5
40712 5
40711 5
40708 5
40707 5
39888 5
39887 5
39884 5
39883 5
39064 5
39063 5
39060 5
39059 5
38240 5
38239 5
38236 5
38235 5
37416 5
37415 5
37412 5
37411 5
36592 5
36591 5
36588 5
36587 5
41528 5
41527 5
41524 5
41523 5
40704 5
40703 5
40700 5
40699 5
39880 5
39879 5
39876 5
39875 5
39056 5
39055 5
47526 4
47525 4
47528 4
47527 4
46678 4
46677 4
46680 4
46679 4
45830 4
45829 4
45832 4
45831 4
44982 4
44981 4
44984 4
44983 4
44134 4
44133 4
44136 4
44135 4
43286 4
43285 4
43288 4
43287 4
42438 4
42437 4
42440 4
42439 4
47520 5
47519 5
47516 5
47515 5
46672 5
46671 5
46668 5
46667 5
45824 5
45823 5
45820 5
45819 5
44976 5
44975 5
44972 5
44971 5
44128 5
44127 5
44124 5
44123 5
43280 5
43279 5
43276 5
43275 5
42432 5
42431 5
42428 5
42427 5
47512 5
47511 5
47508 5
47507 5
46664 5
46663 5
46660 5
46659 5
45816 5
45815 5
45812 5
45811 5
44968 5
44967 5
42363 5
42364 5
42367 5
42368 5
43211 5
43212 5
43215 5
43216 5
44059 5
44060 5
44063 5
44064 5
44907 5
44908 5
44911 5
44912 5
45755 5
45756 5
45759 5
45760 5
46603 5
46604 5
46607 5
46608 5
47451 5
47452 5
47455 5
47456 5
42371 5
42372 5
42375 5
42376 5
43219 5
43220 5
43223 5
43224 5
44067 5
44068 5
44071 5
44072 5
44915 5
44916 5
44919 5
44920 5
45763 5
45764 5
45767 5
45768 5
46611 5
46612 5
46615 5
46616 5
47459 5
47460 5
47463 5
47464 5
42379 5
42380 5
42383 5
42384 5
43227 5
43228 5
43231 5
43232 5
44075 5
44076 5
44079 5
44080 5
44923 5
44924 5
44927 5
44928 5
45771 5
45772 5
45775 5
45776 5
46619 5
46620 5
46623 5
46624 5
47467 5
47468 5
47471 5
47472 5
42387 5
42388 5
42391 5
42392 5
43235 5
43236 5
43239 5
43240 5
44083 5
44084 5
44087 5
44088 5
44931 5
44932 5
44935 5
44936 5
45779 5
45780 5
45783 5
45784 5
46627 5
46628 5
46631 5
46632 5
47475 5
47476 5
47479 5
47480 5
42395 5
42396 5
42399 5
42400 5
43243 5
43244 5
43247 5
43248 5
44091 5
44092 5
44095 5
44096 5
44939 5
44940 5
44943 5
44944 5
45787 5
45788 5
45791 5
45792 5
46635 5
46636 5
46639 5
46640 5
47483 5
47484 5
47487 5
47488 5
42403 5
42404 5
42407 5
42408 5
43251 5
43252 5
43255 5
43256 5
44099 5
44100 5
44103 5
44104 5
44947 5
44948 5
44951 5
44952 5
45795 5
45796 5
45799 5
45800 5
46643 5
46644 5
46647 5
46648 5
47491 5
47492 5
47495 5
47496 5
42411 5
42412 5
42415 5
42416 5
43259 5
43260 5
43263 5
43264 5
44107 5
44108 5
44111 5
44112 5
44955 5
44956 5
44959 5
44960 5
45803 5
45804 5
45807 5
45808 5
46651 5
46652 5
46655 5
46656 5
47499 5
47500 5
47503 5
47504 5
42419 5
42420 5
42423 5
42424 5
43267 5
43268 5
43271 5
43272 5
44115 5
44116 5
44119 5
44120 5
44963 5
44964 5
41907 3
41911 3
41905 3
41909 3
41899 3
41903 3
41897 3
41901 3
41891 3
41895 3
41889 3
41893 3
41883 3
41887 3
41881 3
41885 3
41875 3
41879 3
41873 3
41877 3
41867 3
41871 3
41865 3
41869 3
41859 3
41863 3
41857 3
41861 3
41851 3
41855 3
41849 3
41853 3
41843 3
41847 3
41841 3
41845 3
41835 3
41839 3
41833 3
41837 3
41827 3
41831 3
41825 3
41829 3
41819 3
41823 3
41817 3
41821 3
41811 3
41815 3
41809 3
41813 3
41803 3
41807 3
41801 3
41805 3
41795 3
41799 3
41793 3
41797 3
41787 3
41791 3
41785 3
41789 3
41779 3
41783 3
41777 3
41781 3
41771 3
41775 3
41769 3
41773 3
41763 3
41767 3
41761 3
41765 3
41755 3
41759 3
41753 3
41757 3
41747 3
41751 3
41745 3
41749 3
41739 3
41743 3
41737 3
41741 3
41731 3
41735 3
41729 3
41733 3
41723 3
41727 3
41721 3
41725 3
41715 3
41719 3
41713 3
41717 3
41707 3
41711 3
41705 3
41093 3
41089 3
41095 3
41091 3
41101 3
41097 3
41103 3
41099 3
41109 3
41105 3
41111 3
41107 3
41117 3
41113 3
41119 3
41115 3
41125 3
41121 3
41127 3
41123 3
41133 3
41129 3
41135 3
41131 3
41141 3
41137 3
41143 3
41139 3
41149 3
41145 3
41151 3
41147 3
41157 3
41153 3
41159 3
41155 3
41165 3
41161 3
41167 3
41163 3
41173 3
41169 3
41175 3
41171 3
41181 3
41177 3
41183 3
41179 3
41189 3
41185 3
41191 3
41187 3
41197 3
41193 3
41199 3
41195 3
41205 3
41201 3
41207 3
41203 3
41213 3
41209 3
41215 3
41211 3
41221 3
41217 3
41223 3
41219 3
41229 3
41225 3
41231 3
41227 3
41237 3
41233 3
41239 3
41235 3
41245 3
41241 3
41247 3
41243 3
41253 3
41249 3
41255 3
41251 3
41261 3
41257 3
41263 3
41259 3
41269 3
41265 3
41271 3
41267 3
41277 3
41273 3
41279 3
41275 3
41285 3
41281 3
41287 3
41283 3
41293 3
41289 3
41295 3
41291 3
41301 3
41297 3
41303 3
41299 3
41309 3
41305 3
41311 3
41307 3
41317 3
41313 3
41319 3
41315 3
41325 3
41321 3
41327 3
41323 3
41333 3
41329 3
41335 3
41331 3
41341 3
41337 3
41343 3
41339 3
41349 3
41345 3
41351 3
41347 3
41357 3
41353 3
41359 3
41355 3
41365 3
41361 3
41367 3
41363 3
41373 3
41369 3
41375 3
41371 3
41381 3
41377 3
41383 3
41379 3
41389 3
41385 3
41391 3
41387 3
41397 3
41393 3
41399 3
41395 3
41405 3
41401 3
41407 3
41403 3
41413 3
41409 3
41415 3
41411 3
41421 3
41417 3
41423 3
41419 3
41429 3
41425 3
41431 3
41427 3
41437 3
41433 3
41439 3
41435 3
41445 3
41441 3
41447 3
41443 3
41453 3
41449 3
41455 3
41451 3
41461 3
41457 3
41463 3
41459 3
41469 3
41465 3
41471 3
41467 3
41477 3
41473 3
41479 3
41475 3
41485 3
41481 3
41487 3
41483 3
41493 3
41489 3
41495 3
41491 3
41501 3
41497 3
41503 3
41499 3
41509 3
41505 3
41511 3
41507 3
41517 3
41513 3
41519 3
41515 3
41525 3
41521 3
41527 3
41523 3
41533 3
41529 3
41535 3
41531 3
41541 3
41537 3
41543 3
41539 3
41549 3
41545 3
41551 3
41547 3
41557 3
41553 3
41559 3
41555 3
41565 3
41561 3
41567 3
41563 3
41573 3
41569 3
41575 3
41571 3
41581 3
41577 3
41583 3
41579 3
41589 3
41585 3
41591 3
41587 3
41597 3
41593 3
41599 3
41595 3
41605 3
41601 3
41607 3
41603 3
41613 3
41609 3
41615 3
41611 3
41621 3
41617 3
41623 3
41619 3
41629 3
41625 3
41631 3
41627 3
41637 3
41633 3
41639 3
41635 3
41645 3
41641 3
41647 3
41643 3
41653 3
41649 3
41655 3
41651 3
41661 3
41657 3
41663 3
41659 3
41669 3
41665 3
41671 3
41667 3
41677 3
41673 3
41679 3
41675 3
41685 3
41681 3
41687 3
41683 3
41693 3
41689 3
41695 3
41691 3
41701 3
41697 3
41703 3
41699 3
41709 3
47843 3
47847 3
47841 3
47845 3
47835 3
47839 3
47833 3
47837 3
47827 3
47831 3
47825 3
47829 3
47819 3
47823 3
47817 3
47821 3
47811 3
47815 3
47809 3
47813 3
47803 3
47807 3
47801 3
47805 3
47795 3
47799 3
47793 3
47797 3
47787 3
47791 3
47785 3
47789 3
47779 3
47783 3
47777 3
47781 3
47771 3
47775 3
47769 3
47773 3
47763 3
47767 3
47761 3
47765 3
47755 3
47759 3
47753 3
47757 3
47747 3
47751 3
47745 3
47749 3
47739 3
47743 3
47737 3
47741 3
47731 3
47735 3
47729 3
47733 3
47723 3
47727 3
47721 3
47725 3
47715 3
47719 3
47713 3
47717 3
47707 3
47711 3
47705 3
47709 3
47699 3
47703 3
47697 3
47701 3
47691 3
47695 3
47689 3
47693 3
47683 3
47687 3
47681 3
47685 3
47675 3
47679 3
47673 3
47677 3
47667 3
47671 3
47665 3
47669 3
47659 3
47663 3
47657 3
47661 3
47651 3
47655 3
47649 3
47653 3
47643 3
47647 3
47641 3
47645 3
47635 3
47639 3
47005 3
47001 3
47007 3
47003 3
47013 3
47009 3
47015 3
47011 3
47021 3
47017 3
47023 3
47019 3
47029 3
47025 3
47031 3
47027 3
47037 3
47033 3
47039 3
47035 3
47045 3
47041 3
47047 3
47043 3
47053 3
47049 3
47055 3
47051 3
47061 3
47057 3
47063 3
47059 3
47069 3
47065 3
47071 3
47067 3
47077 3
47073 3
47079 3
47075 3
47085 3
47081 3
47087 3
47083 3
47093 3
47089 3
47095 3
47091 3
47101 3
47097 3
47103 3
47099 3
47109 3
47105 3
47111 3
47107 3
47117 3
47113 3
47119 3
47115 3
47125 3
47121 3
47127 3
47123 3
47133 3
47129 3
47135 3
47131 3
47141 3
47137 3
47143 3
47139 3
47149 3
47145 3
47151 3
47147 3
47157 3
47153 3
47159 3
47155 3
47165 3
47161 3
47167 3
47163 3
47173 3
47169 3
47175 3
47171 3
47181 3
47177 3
47183 3
47179 3
47189 3
47185 3
47191 3
47187 3
47197 3
47193 3
47199 3
47195 3
47205 3
47201 3
47207 3
47203 3
47213 3
47209 3
47215 3
47211 3
47221 3
47217 3
47223 3
47219 3
47229 3
47225 3
47231 3
47227 3
47237 3
47233 3
47239 3
47235 3
47245 3
47241 3
47247 3
47243 3
47253 3
47249 3
47255 3
47251 3
47261 3
47257 3
47263 3
47259 3
47269 3
47265 3
47271 3
47267 3
47277 3
47273 3
47279 3
47275 3
47285 3
47281 3
47287 3
47283 3
47293 3
47289 3
47295 3
47291 3
47301 3
47297 3
47303 3
47299 3
47309 3
47305 3
47311 3
47307 3
47317 3
47313 3
47319 3
47315 3
47325 3
47321 3
47327 3
47323 3
47333 3
47329 3
47335 3
47331 3
47341 3
47337 3
47343 3
47339 3
47349 3
47345 3
47351 3
47347 3
47357 3
47353 3
47359 3
47355 3
47365 3
47361 3
47367 3
47363 3
47373 3
47369 3
47375 3
47371 3
47381 3
47377 3
47383 3
47379 3
47389 3
47385 3
47391 3
47387 3
47397 3
47393 3
47399 3
47395 3
47405 3
47401 3
47407 3
47403 3
47413 3
47409 3
47415 3
47411 3
47421 3
47417 3
47423 3
47419 3
47429 3
47425 3
47431 3
47427 3
47437 3
47433 3
47439 3
47435 3
47445 3
47441 3
47447 3
47443 3
47453 3
47449 3
47455 3
47451 3
47461 3
47457 3
47463 3
47459 3
47469 3
47465 3
47471 3
47467 3
47477 3
47473 3
47479 3
47475 3
47485 3
47481 3
47487 3
47483 3
47493 3
47489 3
47495 3
47491 3
47501 3
47497 3
47503 3
47499 3
47509 3
47505 3
47511 3
47507 3
47517 3
47513 3
47519 3
47515 3
47525 3
47521 3
47527 3
47523 3
47533 3
47529 3
47535 3
47531 3
47541 3
47537 3
47543 3
47539 3
47549 3
47545 3
47551 3
47547 3
47557 3
47553 3
47559 3
47555 3
47565 3
47561 3
47567 3
47563 3
47573 3
47569 3
47575 3
47571 3
47581 3
47577 3
47583 3
47579 3
47589 3
47585 3
47591 3
47587 3
47597 3
47593 3
47599 3
47595 3
47605 3
47601 3
47607 3
47603 3
47613 3
47609 3
47615 3
47611 3
47621 3
47617 3
47623 3
47619 3
47629 3
47625 3
47631 3
47627 3
47637 3
47633 3
36139 3
36143 3
36137 3
36141 3
36131 3
36135 3
36129 3
36133 3
36123 3
36127 3
36121 3
36125 3
36115 3
36119 3
36113 3
36117 3
36107 3
36111 3
36105 3
36109 3
36099 3
36103 3
36097 3
36101 3
36091 3
36095 3
36089 3
36093 3
36083 3
36087 3
36081 3
36085 3
36075 3
36079 3
36073 3
36077 3
36067 3
36071 3
36065 3
36069 3
36059 3
36063 3
36057 3
36061 3
36051 3
36055 3
36049 3
36053 3
36043 3
36047 3
36041 3
36045 3
36035 3
36039 3
36033 3
36037 3
36027 3
36031 3
36025 3
36029 3
36019 3
36023 3
36017 3
36021 3
36011 3
36015 3
36009 3
36013 3
36003 3
36007 3
36001 3
36005 3
35995 3
35999 3
35993 3
35997 3
35987 3
35991 3
35985 3
35989 3
35979 3
35983 3
35977 3
35981 3
35971 3
35975 3
35969 3
35973 3
35963 3
35967 3
35961 3
35965 3
35955 3
35959 3
35953 3
35957 3
35947 3
35951 3
35945 3
35949 3
35939 3
35943 3
35937 3
35941 3
35931 3
35935 3
35301 3
35297 3
35303 3
35299 3
35309 3
35305 3
35311 3
35307 3
35317 3
35313 3
35319 3
35315 3
35325 3
35321 3
35327 3
35323 3
35333 3
35329 3
35335 3
35331 3
35341 3
35337 3
35343 3
35339 3
35349 3
35345 3
35351 3
35347 3
35357 3
35353 3
35359 3
35355 3
35365 3
35361 3
35367 3
35363 3
35373 3
35369 3
35375 3
35371 3
35381 3
35377 3
35383 3
35379 3
35389 3
35385 3
35391 3
35387 3
35397 3
35393 3
35399 3
35395 3
35405 3
35401 3
35407 3
35403 3
35413 3
35409 3
35415 3
35411 3
35421 3
35417 3
35423 3
35419 3
35429 3
35425 3
35431 3
35427 3
35437 3
35433 3
35439 3
35435 3
35445 3
35441 3
35447 3
35443 3
35453 3
35449 3
35455 3
35451 3
35461 3
35457 3
35463 3
35459 3
35469 3
35465 3
35471 3
35467 3
35477 3
35473 3
35479 3
35475 3
35485 3
35481 3
35487 3
35483 3
35493 3
35489 3
35495 3
35491 3
35501 3
35497 3
35503 3
35499 3
35509 3
35505 3
35511 3
35507 3
35517 3
35513 3
35519 3
35515 3
35525 3
35521 3
35527 3
35523 3
35533 3
35529 3
35535 3
35531 3
35541 3
35537 3
35543 3
35539 3
35549 3
35545 3
35551 3
35547 3
35557 3
35553 3
35559 3
35555 3
35565 3
35561 3
35567 3
35563 3
35573 3
35569 3
35575 3
35571 3
35581 3
35577 3
35583 3
35579 3
35589 3
35585 3
35591 3
35587 3
35597 3
35593 3
35599 3
35595 3
35605 3
35601 3
35607 3
35603 3
35613 3
35609 3
35615 3
35611 3
35621 3
35617 3
35623 3
35619 3
35629 3
35625 3
35631 3
35627 3
35637 3
35633 3
35639 3
35635 3
35645 3
35641 3
35647 3
35643 3
35653 3
35649 3
35655 3
35651 3
35661 3
35657 3
35663 3
35659 3
35669 3
35665 3
35671 3
35667 3
35677 3
35673 3
35679 3
35675 3
35685 3
35681 3
35687 3
35683 3
35693 3
35689 3
35695 3
35691 3
35701 3
35697 3
35703 3
35699 3
35709 3
35705 3
35711 3
35707 3
35717 3
35713 3
35719 3
35715 3
35725 3
35721 3
35727 3
35723 3
35733 3
35729 3
35735 3
35731 3
35741 3
35737 3
35743 3
35739 3
35749 3
35745 3
35751 3
35747 3
35757 3
35753 3
35759 3
35755 3
35765 3
35761 3
35767 3
35763 3
35773 3
35769 3
35775 3
35771 3
35781 3
35777 3
35783 3
35779 3
35789 3
35785 3
35791 3
35787 3
35797 3
35793 3
35799 3
35795 3
35805 3
35801 3
35807 3
35803 3
35813 3
35809 3
35815 3
35811 3
35821 3
35817 3
35823 3
35819 3
35829 3
35825 3
35831 3
35827 3
35837 3
35833 3
35839 3
35835 3
35845 3
35841 3
35847 3
35843 3
35853 3
35849 3
35855 3
35851 3
35861 3
35857 3
35863 3
35859 3
35869 3
35865 3
35871 3
35867 3
35877 3
35873 3
35879 3
35875 3
35885 3
35881 3
35887 3
35883 3
35893 3
35889 3
35895 3
35891 3
35901 3
35897 3
35903 3
35899 3
35909 3
35905 3
35911 3
35907 3
35917 3
35913 3
35919 3
35915 3
35925 3
35921 3
35927 3
35923 3
35933 3
35929 3
53611 3
53615 3
53609 3
53613 3
53603 3
53607 3
53601 3
53605 3
53595 3
53599 3
53593 3
53597 3
53587 3
53591 3
53585 3
53589 3
53579 3
53583 3
53577 3
53581 3
53571 3
53575 3
53569 3
53573 3
53563 3
53567 3
53561 3
53565 3
53555 3
53559 3
53553 3
53557 3
53547 3
53551 3
53545 3
53549 3
53539 3
53543 3
53537 3
53541 3
53531 3
53535 3
53529 3
53533 3
53523 3
53527 3
53521 3
53525 3
53515 3
53519 3
53513 3
53517 3
53507 3
53511 3
53505 3
53509 3
53499 3
53503 3
53497 3
53501 3
53491 3
53495 3
53489 3
53493 3
53483 3
53487 3
53481 3
53485 3
53475 3
53479 3
53473 3
53477 3
53467 3
53471 3
53465 3
53469 3
53459 3
53463 3
53457 3
53461 3
53451 3
53455 3
53449 3
53453 3
53443 3
53447 3
53441 3
53445 3
53435 3
53439 3
53433 3
53437 3
53427 3
53431 3
53425 3
53429 3
53419 3
53423 3
53417 3
53421 3
53411 3
53415 3
53409 3
52797 3
52793 3
52799 3
52795 3
52805 3
52801 3
52807 3
52803 3
52813 3
52809 3
52815 3
52811 3
52821 3
52817 3
52823 3
52819 3
52829 3
52825 3
52831 3
52827 3
52837 3
52833 3
52839 3
52835 3
52845 3
52841 3
52847 3
52843 3
52853 3
52849 3
52855 3
52851 3
52861 3
52857 3
52863 3
52859 3
52869 3
52865 3
52871 3
52867 3
52877 3
52873 3
52879 3
52875 3
52885 3
52881 3
52887 3
52883 3
52893 3
52889 3
52895 3
52891 3
52901 3
52897 3
52903 3
52899 3
52909 3
52905 3
52911 3
52907 3
52917 3
52913 3
52919 3
52915 3
52925 3
52921 3
52927 3
52923 3
52933 3
52929 3
52935 3
52931 3
52941 3
52937 3
52943 3
52939 3
52949 3
52945 3
52951 3
52947 3
52957 3
52953 3
52959 3
52955 3
52965 3
52961 3
52967 3
52963 3
52973 3
52969 3
52975 3
52971 3
52981 3
52977 3
52983 3
52979 3
52989 3
52985 3
52991 3
52987 3
52997 3
52993 3
52999 3
52995 3
53005 3
53001 3
53007 3
53003 3
53013 3
53009 3
53015 3
53011 3
53021 3
53017 3
53023 3
53019 3
53029 3
53025 3
53031 3
53027 3
53037 3
53033 3
53039 3
53035 3
53045 3
53041 3
53047 3
53043 3
53053 3
53049 3
53055 3
53051 3
53061 3
53057 3
53063 3
53059 3
53069 3
53065 3
53071 3
53067 3
53077 3
53073 3
53079 3
53075 3
53085 3
53081 3
53087 3
53083 3
53093 3
53089 3
53095 3
53091 3
53101 3
53097 3
53103 3
53099 3
53109 3
53105 3
53111 3
53107 3
53117 3
53113 3
53119 3
53115 3
53125 3
53121 3
53127 3
53123 3
53133 3
53129 3
53135 3
53131 3
53141 3
53137 3
53143 3
53139 3
53149 3
53145 3
53151 3
53147 3
53157 3
53153 3
53159 3
53155 3
53165 3
53161 3
53167 3
53163 3
53173 3
53169 3
53175 3
53171 3
53181 3
53177 3
53183 3
53179 3
53189 3
53185 3
53191 3
53187 3
53197 3
53193 3
53199 3
53195 3
53205 3
53201 3
53207 3
53203 3
53213 3
53209 3
53215 3
53211 3
53221 3
53217 3
53223 3
53219 3
53229 3
53225 3
53231 3
53227 3
53237 3
53233 3
53239 3
53235 3
53245 3
53241 3
53247 3
53243 3
53253 3
53249 3
53255 3
53251 3
53261 3
53257 3
53263 3
53259 3
53269 3
53265 3
53271 3
53267 3
53277 3
53273 3
53279 3
53275 3
53285 3
53281 3
53287 3
53283 3
53293 3
53289 3
53295 3
53291 3
53301 3
53297 3
53303 3
53299 3
53309 3
53305 3
53311 3
53307 3
53317 3
53313 3
53319 3
53315 3
53325 3
53321 3
53327 3
53323 3
53333 3
53329 3
53335 3
53331 3
53341 3
53337 3
53343 3
53339 3
53349 3
53345 3
53351 3
53347 3
53357 3
53353 3
53359 3
53355 3
53365 3
53361 3
53367 3
53363 3
53373 3
53369 3
53375 3
53371 3
53381 3
53377 3
53383 3
53379 3
53389 3
53385 3
53391 3
53387 3
53397 3
53393 3
53399 3
53395 3
53405 3
53401 3
53407 3
53403 3
53413 3
35822 4
35821 4
35824 4
35823 4
34974 4
34973 4
34976 4
34975 4
34126 4
34125 4
34128 4
34127 4
33278 4
33277 4
33280 4
33279 4
32430 4
32429 4
32432 4
32431 4
31582 4
31581 4
31584 4
31583 4
30734 4
30733 4
30736 4
30735 4
35816 5
35815 5
35812 5
35811 5
34968 5
34967 5
34964 5
34963 5
34120 5
34119 5
34116 5
34115 5
33272 5
33271 5
33268 5
33267 5
32424 5
32423 5
32420 5
32419 5
31576 5
31575 5
31572 5
31571 5
30728 5
30727 5
30724 5
30723 5
35808 5
35807 5
35804 5
35803 5
34960 5
34959 5
34956 5
34955 5
34112 5
34111 5
34108 5
34107 5
33264 5
33263 5
30659 5
30660 5
30663 5
30664 5
31507 5
31508 5
31511 5
31512 5
32355 5
32356 5
32359 5
32360 5
33203 5
33204 5
33207 5
33208 5
34051 5
34052 5
34055 5
34056 5
34899 5
34900 5
34903 5
34904 5
35747 5
35748 5
35751 5
35752 5
30667 5
30668 5
30671 5
30672 5
31515 5
31516 5
31519 5
31520 5
32363 5
32364 5
32367 5
32368 5
33211 5
33212 5
33215 5
33216 5
34059 5
34060 5
34063 5
34064 5
34907 5
34908 5
34911 5
34912 5
35755 5
35756 5
35759 5
35760 5
30675 5
30676 5
30679 5
30680 5
31523 5
31524 5
31527 5
31528 5
32371 5
32372 5
32375 5
32376 5
33219 5
33220 5
33223 5
33224 5
34067 5
34068 5
34071 5
34072 5
34915 5
34916 5
34919 5
34920 5
35763 5
35764 5
35767 5
35768 5
30683 5
30684 5
30687 5
30688 5
31531 5
31532 5
31535 5
31536 5
32379 5
32380 5
32383 5
32384 5
33227 5
33228 5
33231 5
33232 5
34075 5
34076 5
34079 5
34080 5
34923 5
34924 5
34927 5
34928 5
35771 5
35772 5
35775 5
35776 5
30691 5
30692 5
30695 5
30696 5
31539 5
31540 5
31543 5
31544 5
32387 5
32388 5
32391 5
32392 5
33235 5
33236 5
33239 5
33240 5
34083 5
34084 5
34087 5
34088 5
34931 5
34932 5
34935 5
34936 5
35779 5
35780 5
35783 5
35784 5
30699 5
30700 5
30703 5
30704 5
31547 5
31548 5
31551 5
31552 5
32395 5
32396 5
32399 5
32400 5
33243 5
33244 5
33247 5
33248 5
34091 5
34092 5
34095 5
34096 5
34939 5
34940 5
34943 5
34944 5
35787 5
35788 5
35791 5
35792 5
30707 5
30708 5
30711 5
30712 5
31555 5
31556 5
31559 5
31560 5
32403 5
32404 5
32407 5
32408 5
33251 5
33252 5
33255 5
33256 5
34099 5
34100 5
34103 5
34104 5
34947 5
34948 5
34951 5
34952 5
35795 5
35796 5
35799 5
35800 5
30715 5
30716 5
30719 5
30720 5
31563 5
31564 5
31567 5
31568 5
32411 5
32412 5
32415 5
32416 5
33259 5
33260 5
48401 2
48402 2
48403 2
48404 2
49225 2
49226 2
49227 2
49228 2
50049 2
50050 2
50051 2
50052 2
50873 2
50874 2
50875 2
50876 2
51697 2
51698 2
51699 2
51700 2
52521 2
52522 2
52523 2
52524 2
53345 2
53346 2
53347 2
53348 2
48275 5
48276 5
48279 5
48280 5
49099 5
49100 5
49103 5
49104 5
49923 5
49924 5
49927 5
49928 5
50747 5
50748 5
50751 5
50752 5
51571 5
51572 5
51575 5
51576 5
52395 5
52396 5
52399 5
52400 5
53219 5
53220 5
53223 5
53224 5
48283 5
48284 5
48287 5
48288 5
49107 5
49108 5
49111 5
49112 5
49931 5
49932 5
49935 5
49936 5
50755 5
50756 5
53288 5
53287 5
53284 5
53283 5
52464 5
52463 5
52460 5
52459 5
51640 5
51639 5
51636 5
51635 5
50816 5
50815 5
50812 5
50811 5
49992 5
49991 5
49988 5
49987 5
49168 5
49167 5
49164 5
49163 5
48344 5
48343 5
48340 5
48339 5
53280 5
53279 5
53276 5
53275 5
52456 5
52455 5
52452 5
52451 5
51632 5
51631 5
51628 5
51627 5
50808 5
50807 5
50804 5
50803 5
49984 5
49983 5
49980 5
49979 5
49160 5
49159 5
49156 5
49155 5
48336 5
48335 5
48332 5
48331 5
53272 5
53271 5
53268 5
53267 5
52448 5
52447 5
52444 5
52443 5
51624 5
51623 5
51620 5
51619 5
50800 5
50799 5
50796 5
50795 5
49976 5
49975 5
49972 5
49971 5
49152 5
49151 5
49148 5
49147 5
48328 5
48327 5
48324 5
48323 5
53264 5
53263 5
53260 5
53259 5
52440 5
52439 5
52436 5
52435 5
51616 5
51615 5
51612 5
51611 5
50792 5
50791 5
50788 5
50787 5
49968 5
49967 5
49964 5
49963 5
49144 5
49143 5
49140 5
49139 5
48320 5
48319 5
48316 5
48315 5
53256 5
53255 5
53252 5
53251 5
52432 5
52431 5
52428 5
52427 5
51608 5
51607 5
51604 5
51603 5
50784 5
50783 5
50780 5
50779 5
49960 5
49959 5
49956 5
49955 5
49136 5
49135 5
49132 5
49131 5
48312 5
48311 5
48308 5
48307 5
53248 5
53247 5
53244 5
53243 5
52424 5
52423 5
52420 5
52419 5
51600 5
51599 5
51596 5
51595 5
50776 5
50775 5
50772 5
50771 5
49952 5
49951 5
49948 5
49947 5
49128 5
49127 5
49124 5
49123 5
48304 5
48303 5
48300 5
48299 5
53240 5
53239 5
53236 5
53235 5
52416 5
52415 5
52412 5
52411 5
51592 5
51591 5
51588 5
51587 5
50768 5
50767 5
50764 5
50763 5
49944 5
49943 5
49940 5
49939 5
49120 5
49119 5
49116 5
49115 5
48296 5
48295 5
48292 5
48291 5
53232 5
53231 5
53228 5
53227 5
52408 5
52407 5
52404 5
52403 5
51584 5
51583 5
51580 5
51579 5
50760 5
50759 5
10575 4
10576 4
10573 4
10574 4
11423 4
11424 4
11421 4
11422 4
12271 4
12272 4
12269 4
12270 4
13119 4
13120 4
13117 4
13118 4
13967 4
13968 4
13965 4
13966 4
14815 4
14816 4
14813 4
14814 4
15663 4
15664 4
15661 4
15662 4
16511 4
16512 4
16509 4
16510 4
10565 6
10566 6
10561 6
10562 6
11413 6
11414 6
11409 6
11410 6
12261 6
12262 6
12257 6
12258 6
13109 6
13110 6
13105 6
13106 6
13957 6
13958 6
13953 6
13954 6
14805 6
14806 6
14801 6
14802 6
15653 6
15654 6
15649 6
15650 6
16501 6
16502 6
16497 6
16498 6
10557 6
10558 6
10553 6
10554 6
11405 6
11406 6
11401 6
11402 6
12253 6
12254 6
12249 6
12250 6
13101 6
13102 6
13097 6
13098 6
16434 6
16433 6
16438 6
16437 6
15586 6
15585 6
15590 6
15589 6
14738 6
14737 6
14742 6
14741 6
13890 6
13889 6
13894 6
13893 6
13042 6
13041 6
13046 6
13045 6
12194 6
12193 6
12198 6
12197 6
11346 6
11345 6
11350 6
11349 6
10498 6
10497 6
10502 6
10501 6
16442 6
16441 6
16446 6
16445 6
15594 6
15593 6
15598 6
15597 6
14746 6
14745 6
14750 6
14749 6
13898 6
13897 6
13902 6
13901 6
13050 6
13049 6
13054 6
13053 6
12202 6
12201 6
12206 6
12205 6
11354 6
11353 6
11358 6
11357 6
10506 6
10505 6
10510 6
10509 6
16450 6
16449 6
16454 6
16453 6
15602 6
15601 6
15606 6
15605 6
14754 6
14753 6
14758 6
14757 6
13906 6
13905 6
13910 6
13909 6
13058 6
13057 6
13062 6
13061 6
12210 6
12209 6
12214 6
12213 6
11362 6
11361 6
11366 6
11365 6
10514 6
10513 6
10518 6
10517 6
16458 6
16457 6
16462 6
16461 6
15610 6
15609 6
15614 6
15613 6
14762 6
14761 6
14766 6
14765 6
13914 6
13913 6
13918 6
13917 6
13066 6
13065 6
13070 6
13069 6
12218 6
12217 6
12222 6
12221 6
11370 6
11369 6
11374 6
11373 6
10522 6
10521 6
10526 6
10525 6
16466 6
16465 6
16470 6
16469 6
15618 6
15617 6
15622 6
15621 6
14770 6
14769 6
14774 6
14773 6
13922 6
13921 6
13926 6
13925 6
13074 6
13073 6
13078 6
13077 6
12226 6
12225 6
12230 6
12229 6
11378 6
11377 6
11382 6
11381 6
10530 6
10529 6
10534 6
10533 6
16474 6
16473 6
16478 6
16477 6
15626 6
15625 6
15630 6
15629 6
14778 6
14777 6
14782 6
14781 6
13930 6
13929 6
13934 6
13933 6
13082 6
13081 6
13086 6
13085 6
12234 6
12233 6
12238 6
12237 6
11386 6
11385 6
11390 6
11389 6
10538 6
10537 6
10542 6
10541 6
16482 6
16481 6
16486 6
16485 6
15634 6
15633 6
15638 6
15637 6
14786 6
14785 6
14790 6
14789 6
13938 6
13937 6
13942 6
13941 6
13090 6
13089 6
13094 6
13093 6
12242 6
12241 6
12246 6
12245 6
11394 6
11393 6
11398 6
11397 6
10546 6
10545 6
10550 6
10549 6
16490 6
16489 6
16494 6
16493 6
15642 6
15641 6
15646 6
15645 6
14794 6
14793 6
14798 6
14797 6
13946 6
13945 6
13950 6
13949 6
29940 2
29939 2
29938 2
29937 2
29116 2
29115 2
29114 2
29113 2
28292 2
28291 2
28290 2
28289 2
27468 2
27467 2
27466 2
27465 2
26644 2
26643 2
26642 2
26641 2
25820 2
25819 2
25818 2
25817 2
24996 2
24995 2
24994 2
24993 2
24172 2
24171 2
24170 2
24169 2
29810 6
29809 6
29814 6
29813 6
28986 6
28985 6
28990 6
28989 6
28162 6
28161 6
28166 6
28165 6
27338 6
27337 6
27342 6
27341 6
26514 6
26513 6
26518 6
26517 6
25690 6
25689 6
25694 6
25693 6
24866 6
24865 6
24870 6
24869 6
24042 6
24041 6
24046 6
24045 6
29818 6
29817 6
29822 6
29821 6
28994 6
28993 6
28998 6
28997 6
28170 6
28169 6
28174 6
28173 6
27346 6
27345 6
27350 6
27349 6
24109 6
24110 6
24105 6
24106 6
24933 6
24934 6
24929 6
24930 6
25757 6
25758 6
25753 6
25754 6
26581 6
26582 6
26577 6
26578 6
27405 6
27406 6
27401 6
27402 6
28229 6
28230 6
28225 6
28226 6
29053 6
29054 6
29049 6
29050 6
29877 6
29878 6
29873 6
29874 6
24101 6
24102 6
24097 6
24098 6
24925 6
24926 6
24921 6
24922 6
25749 6
25750 6
25745 6
25746 6
26573 6
26574 6
26569 6
26570 6
27397 6
27398 6
27393 6
27394 6
28221 6
28222 6
28217 6
28218 6
29045 6
29046 6
29041 6
29042 6
29869 6
29870 6
29865 6
29866 6
24093 6
24094 6
24089 6
24090 6
24917 6
24918 6
24913 6
24914 6
25741 6
25742 6
25737 6
25738 6
26565 6
26566 6
26561 6
26562 6
27389 6
27390 6
27385 6
27386 6
28213 6
28214 6
28209 6
28210 6
29037 6
29038 6
29033 6
29034 6
29861 6
29862 6
29857 6
29858 6
24085 6
24086 6
24081 6
24082 6
24909 6
24910 6
24905 6
24906 6
25733 6
25734 6
25729 6
25730 6
26557 6
26558 6
26553 6
26554 6
27381 6
27382 6
27377 6
27378 6
28205 6
28206 6
28201 6
28202 6
29029 6
29030 6
29025 6
29026 6
29853 6
29854 6
29849 6
29850 6
24077 6
24078 6
24073 6
24074 6
24901 6
24902 6
24897 6
24898 6
25725 6
25726 6
25721 6
25722 6
26549 6
26550 6
26545 6
26546 6
27373 6
27374 6
27369 6
27370 6
28197 6
28198 6
28193 6
28194 6
29021 6
29022 6
29017 6
29018 6
29845 6
29846 6
29841 6
29842 6
24069 6
24070 6
24065 6
24066 6
24893 6
24894 6
24889 6
24890 6
25717 6
25718 6
25713 6
25714 6
26541 6
26542 6
26537 6
26538 6
27365 6
27366 6
27361 6
27362 6
28189 6
28190 6
28185 6
28186 6
29013 6
29014 6
29009 6
29010 6
29837 6
29838 6
29833 6
29834 6
24061 6
24062 6
24057 6
24058 6
24885 6
24886 6
24881 6
24882 6
25709 6
25710 6
25705 6
25706 6
26533 6
26534 6
26529 6
26530 6
27357 6
27358 6
27353 6
27354 6
28181 6
28182 6
28177 6
28178 6
29005 6
29006 6
29001 6
29002 6
29829 6
29830 6
29825 6
29826 6
24053 6
24054 6
24049 6
24050 6
24877 6
24878 6
24873 6
24874 6
25701 6
25702 6
25697 6
25698 6
26525 6
26526 6
26521 6
26522 6
30731 5
30732 5
30735 5
30736 5
31579 5
31580 5
31583 5
31584 5
32427 5
32428 5
32431 5
32432 5
33275 5
33276 5
33279 5
33280 5
34123 5
34124 5
34127 5
34128 5
34971 5
34972 5
34975 5
34976 5
35819 5
35820 5
35823 5
35824 5
30739 5
30740 5
30743 5
30744 5
31587 5
31588 5
31591 5
31592 5
32435 5
32436 5
32439 5
32440 5
33283 5
33284 5
33287 5
33288 5
34131 5
34132 5
34135 5
34136 5
34979 5
34980 5
34983 5
34984 5
35827 5
35828 5
35831 5
35832 5
35880 5
35879 5
35876 5
35875 5
35032 5
35031 5
35028 5
35027 5
34184 5
34183 5
34180 5
34179 5
33336 5
33335 5
33332 5
33331 5
32488 5
32487 5
32484 5
32483 5
31640 5
31639 5
31636 5
31635 5
30792 5
30791 5
30788 5
30787 5
35872 5
35871 5
35868 5
35867 5
35024 5
35023 5
35020 5
35019 5
34176 5
34175 5
34172 5
34171 5
33328 5
33327 5
33324 5
33323 5
32480 5
32479 5
32476 5
32475 5
31632 5
31631 5
31628 5
31627 5
30784 5
30783 5
30780 5
30779 5
35864 5
35863 5
35860 5
35859 5
35016 5
35015 5
35012 5
35011 5
34168 5
34167 5
34164 5
34163 5
33320 5
33319 5
33316 5
33315 5
32472 5
32471 5
32468 5
32467 5
31624 5
31623 5
31620 5
31619 5
30776 5
30775 5
30772 5
30771 5
35856 5
35855 5
35852 5
35851 5
35008 5
35007 5
35004 5
35003 5
34160 5
34159 5
34156 5
34155 5
33312 5
33311 5
33308 5
33307 5
32464 5
32463 5
32460 5
32459 5
31616 5
31615 5
31612 5
31611 5
30768 5
30767 5
30764 5
30763 5
35848 5
35847 5
35844 5
35843 5
35000 5
34999 5
34996 5
34995 5
34152 5
34151 5
34148 5
34147 5
33304 5
33303 5
33300 5
33299 5
32456 5
32455 5
32452 5
32451 5
31608 5
31607 5
31604 5
31603 5
30760 5
30759 5
30756 5
30755 5
35840 5
35839 5
35836 5
35835 5
34992 5
34991 5
34988 5
34987 5
34144 5
34143 5
34140 5
34139 5
33296 5
33295 5
33292 5
33291 5
32448 5
32447 5
32444 5
32443 5
31600 5
31599 5
31596 5
31595 5
30752 5
30751 5
30748 5
30747 5
16506 6
16505 6
16510 6
16509 6
15658 6
15657 6
15662 6
15661 6
14810 6
14809 6
14814 6
14813 6
13962 6
13961 6
13966 6
13965 6
13114 6
13113 6
13118 6
13117 6
12266 6
12265 6
12270 6
12269 6
11418 6
11417 6
11422 6
11421 6
10570 6
10569 6
10574 6
10573 6
16514 6
16513 6
16518 6
16517 6
15666 6
15665 6
15670 6
15669 6
14818 6
14817 6
14822 6
14821 6
13970 6
13969 6
13974 6
13973 6
13122 6
13121 6
13126 6
13125 6
12274 6
12273 6
12278 6
12277 6
11426 6
11425 6
11430 6
11429 6
10578 6
10577 6
10582 6
10581 6
10629 6
10630 6
10625 6
10626 6
11477 6
11478 6
11473 6
11474 6
12325 6
12326 6
12321 6
12322 6
13173 6
13174 6
13169 6
13170 6
14021 6
14022 6
14017 6
14018 6
14869 6
14870 6
14865 6
14866 6
15717 6
15718 6
15713 6
15714 6
16565 6
16566 6
16561 6
16562 6
10621 6
10622 6
10617 6
10618 6
11469 6
11470 6
11465 6
11466 6
12317 6
12318 6
12313 6
12314 6
13165 6
13166 6
13161 6
13162 6
14013 6
14014 6
14009 6
14010 6
14861 6
14862 6
14857 6
14858 6
15709 6
15710 6
15705 6
15706 6
16557 6
16558 6
16553 6
16554 6
10613 6
10614 6
10609 6
10610 6
11461 6
11462 6
11457 6
11458 6
12309 6
12310 6
12305 6
12306 6
13157 6
13158 6
13153 6
13154 6
14005 6
14006 6
14001 6
14002 6
14853 6
14854 6
14849 6
14850 6
15701 6
15702 6
15697 6
15698 6
16549 6
16550 6
16545 6
16546 6
10605 6
10606 6
10601 6
10602 6
11453 6
11454 6
11449 6
11450 6
12301 6
12302 6
12297 6
12298 6
13149 6
13150 6
13145 6
13146 6
13997 6
13998 6
13993 6
13994 6
14845 6
14846 6
14841 6
14842 6
15693 6
15694 6
15689 6
15690 6
16541 6
16542 6
16537 6
16538 6
10597 6
10598 6
10593 6
10594 6
11445 6
11446 6
11441 6
11442 6
12293 6
12294 6
12289 6
12290 6
13141 6
13142 6
13137 6
13138 6
13989 6
13990 6
13985 6
13986 6
14837 6
14838 6
14833 6
14834 6
15685 6
15686 6
15681 6
15682 6
16533 6
16534 6
16529 6
16530 6
10589 6
10590 6
10585 6
10586 6
11437 6
11438 6
11433 6
11434 6
12285 6
12286 6
12281 6
12282 6
13133 6
13134 6
13129 6
13130 6
13981 6
13982 6
13977 6
13978 6
14829 6
14830 6
14825 6
14826 6
15677 6
15678 6
15673 6
15674 6
16525 6
16526 6
16521 6
16522 6
41648 5
41647 5
41644 5
41643 5
40824 5
40823 5
40820 5
40819 5
40000 5
39999 5
39996 5
39995 5
39176 5
39175 5
39172 5
39171 5
38352 5
38351 5
38348 5
38347 5
37528 5
37527 5
37524 5
37523 5
36704 5
36703 5
36700 5
36699 5
41640 5
41639 5
41636 5
41635 5
40816 5
40815 5
40812 5
40811 5
39992 5
39991 5
39988 5
39987 5
39168 5
39167 5
39164 5
39163 5
38344 5
38343 5
38340 5
38339 5
37520 5
37519 5
37516 5
37515 5
36696 5
36695 5
36692 5
36691 5
36643 5
36644 5
36647 5
36648 5
37467 5
37468 5
37471 5
37472 5
38291 5
38292 5
38295 5
38296 5
39115 5
39116 5
39119 5
39120 5
39939 5
39940 5
39943 5
39944 5
40763 5
40764 5
40767 5
40768 5
41587 5
41588 5
41591 5
41592 5
36651 5
36652 5
36655 5
36656 5
37475 5
37476 5
37479 5
37480 5
38299 5
38300 5
38303 5
38304 5
39123 5
39124 5
39127 5
39128 5
39947 5
39948 5
39951 5
39952 5
40771 5
40772 5
40775 5
40776 5
41595 5
41596 5
41599 5
41600 5
36659 5
36660 5
36663 5
36664 5
37483 5
37484 5
37487 5
37488 5
38307 5
38308 5
38311 5
38312 5
39131 5
39132 5
39135 5
39136 5
39955 5
39956 5
39959 5
39960 5
40779 5
40780 5
40783 5
40784 5
41603 5
41604 5
41607 5
41608 5
36667 5
36668 5
36671 5
36672 5
37491 5
37492 5
37495 5
37496 5
38315 5
38316 5
38319 5
38320 5
39139 5
39140 5
39143 5
39144 5
39963 5
39964 5
39967 5
39968 5
40787 5
40788 5
40791 5
40792 5
41611 5
41612 5
41615 5
41616 5
36675 5
36676 5
36679 5
36680 5
37499 5
37500 5
37503 5
37504 5
38323 5
38324 5
38327 5
38328 5
39147 5
39148 5
39151 5
39152 5
39971 5
39972 5
39975 5
39976 5
40795 5
40796 5
40799 5
40800 5
41619 5
41620 5
41623 5
41624 5
36683 5
36684 5
36687 5
36688 5
37507 5
37508 5
37511 5
37512 5
38331 5
38332 5
38335 5
38336 5
39155 5
39156 5
39159 5
39160 5
39979 5
39980 5
39983 5
39984 5
40803 5
40804 5
40807 5
40808 5
41627 5
41628 5
41631 5
41632 5
4013 6
4014 6
4009 6
4010 6
4837 6
4838 6
4833 6
4834 6
5661 6
5662 6
5657 6
5658 6
6485 6
6486 6
6481 6
6482 6
7309 6
7310 6
7305 6
7306 6
8133 6
8134 6
8129 6
8130 6
8957 6
8958 6
8953 6
8954 6
9781 6
9782 6
9777 6
9778 6
4005 6
4006 6
4001 6
4002 6
4829 6
4830 6
4825 6
4826 6
5653 6
5654 6
5649 6
5650 6
6477 6
6478 6
6473 6
6474 6
7301 6
7302 6
7297 6
7298 6
8125 6
8126 6
8121 6
8122 6
8949 6
8950 6
8945 6
8946 6
9773 6
9774 6
9769 6
9770 6
9722 6
9721 6
9726 6
9725 6
8898 6
8897 6
8902 6
8901 6
8074 6
8073 6
8078 6
8077 6
7250 6
7249 6
7254 6
7253 6
6426 6
6425 6
6430 6
6429 6
5602 6
5601 6
5606 6
5605 6
4778 6
4777 6
4782 6
4781 6
3954 6
3953 6
3958 6
3957 6
9730 6
9729 6
9734 6
9733 6
8906 6
8905 6
8910 6
8909 6
8082 6
8081 6
8086 6
8085 6
7258 6
7257 6
7262 6
7261 6
6434 6
6433 6
6438 6
6437 6
5610 6
5609 6
5614 6
5613 6
4786 6
4785 6
4790 6
4789 6
3962 6
3961 6
3966 6
3965 6
9738 6
9737 6
9742 6
9741 6
8914 6
8913 6
8918 6
8917 6
8090 6
8089 6
8094 6
8093 6
7266 6
7265 6
7270 6
7269 6
6442 6
6441 6
6446 6
6445 6
5618 6
5617 6
5622 6
5621 6
4794 6
4793 6
4798 6
4797 6
3970 6
3969 6
3974 6
3973 6
9746 6
9745 6
9750 6
9749 6
8922 6
8921 6
8926 6
8925 6
8098 6
8097 6
8102 6
8101 6
7274 6
7273 6
7278 6
7277 6
6450 6
6449 6
6454 6
6453 6
5626 6
5625 6
5630 6
5629 6
4802 6
4801 6
4806 6
4805 6
3978 6
3977 6
3982 6
3981 6
9754 6
9753 6
9758 6
9757 6
8930 6
8929 6
8934 6
8933 6
8106 6
8105 6
8110 6
8109 6
7282 6
7281 6
7286 6
7285 6
6458 6
6457 6
6462 6
6461 6
5634 6
5633 6
5638 6
5637 6
4810 6
4809 6
4814 6
4813 6
3986 6
3985 6
3990 6
3989 6
9762 6
9761 6
9766 6
9765 6
8938 6
8937 6
8942 6
8941 6
8114 6
8113 6
8118 6
8117 6
7290 6
7289 6
7294 6
7293 6
6466 6
6465 6
6470 6
6469 6
5642 6
5641 6
5646 6
5645 6
4818 6
4817 6
4822 6
4821 6
3994 6
3993 6
3998 6
3997 6
24173 6
24174 6
24169 6
24170 6
24997 6
24998 6
24993 6
24994 6
25821 6
25822 6
25817 6
25818 6
26645 6
26646 6
26641 6
26642 6
27469 6
27470 6
27465 6
27466 6
28293 6
28294 6
28289 6
28290 6
29117 6
29118 6
29113 6
29114 6
29941 6
29942 6
29937 6
29938 6
24165 6
24166 6
24161 6
24162 6
24989 6
24990 6
24985 6
24986 6
25813 6
25814 6
25809 6
25810 6
26637 6
26638 6
26633 6
26634 6
27461 6
27462 6
27457 6
27458 6
28285 6
28286 6
28281 6
28282 6
29109 6
29110 6
29105 6
29106 6
29933 6
29934 6
29929 6
29930 6
29882 6
29881 6
29886 6
29885 6
29058 6
29057 6
29062 6
29061 6
28234 6
28233 6
28238 6
28237 6
27410 6
27409 6
27414 6
27413 6
26586 6
26585 6
26590 6
26589 6
25762 6
25761 6
25766 6
25765 6
24938 6
24937 6
24942 6
24941 6
24114 6
24113 6
24118 6
24117 6
29890 6
29889 6
29894 6
29893 6
29066 6
29065 6
29070 6
29069 6
28242 6
28241 6
28246 6
28245 6
27418 6
27417 6
27422 6
27421 6
26594 6
26593 6
26598 6
26597 6
25770 6
25769 6
25774 6
25773 6
24946 6
24945 6
24950 6
24949 6
24122 6
24121 6
24126 6
24125 6
29898 6
29897 6
29902 6
29901 6
29074 6
29073 6
29078 6
29077 6
28250 6
28249 6
28254 6
28253 6
27426 6
27425 6
27430 6
27429 6
26602 6
26601 6
26606 6
26605 6
25778 6
25777 6
25782 6
25781 6
24954 6
24953 6
24958 6
24957 6
24130 6
24129 6
24134 6
24133 6
29906 6
29905 6
29910 6
29909 6
29082 6
29081 6
29086 6
29085 6
28258 6
28257 6
28262 6
28261 6
27434 6
27433 6
27438 6
27437 6
26610 6
26609 6
26614 6
26613 6
25786 6
25785 6
25790 6
25789 6
24962 6
24961 6
24966 6
24965 6
24138 6
24137 6
24142 6
24141 6
29914 6
29913 6
29918 6
29917 6
29090 6
29089 6
29094 6
29093 6
28266 6
28265 6
28270 6
28269 6
27442 6
27441 6
27446 6
27445 6
26618 6
26617 6
26622 6
26621 6
25794 6
25793 6
25798 6
25797 6
24970 6
24969 6
24974 6
24973 6
24146 6
24145 6
24150 6
24149 6
29922 6
29921 6
29926 6
29925 6
29098 6
29097 6
29102 6
29101 6
28274 6
28273 6
28278 6
28277 6
27450 6
27449 6
27454 6
27453 6
26626 6
26625 6
26630 6
26629 6
25802 6
25801 6
25806 6
25805 6
24978 6
24977 6
24982 6
24981 6
24154 6
24153 6
24158 6
24157 6
53352 5
53351 5
53348 5
53347 5
52528 5
52527 5
52524 5
52523 5
51704 5
51703 5
51700 5
51699 5
50880 5
50879 5
50876 5
50875 5
50056 5
50055 5
50052 5
50051 5
49232 5
49231 5
49228 5
49227 5
48408 5
48407 5
48404 5
48403 5
53344 5
53343 5
53340 5
53339 5
52520 5
52519 5
52516 5
52515 5
51696 5
51695 5
51692 5
51691 5
50872 5
50871 5
50868 5
50867 5
50048 5
50047 5
50044 5
50043 5
49224 5
49223 5
49220 5
49219 5
48400 5
48399 5
48396 5
48395 5
48347 5
48348 5
48351 5
48352 5
49171 5
49172 5
49175 5
49176 5
49995 5
49996 5
49999 5
50000 5
50819 5
50820 5
50823 5
50824 5
51643 5
51644 5
51647 5
51648 5
52467 5
52468 5
52471 5
52472 5
53291 5
53292 5
53295 5
53296 5
48355 5
48356 5
48359 5
48360 5
49179 5
49180 5
49183 5
49184 5
50003 5
50004 5
50007 5
50008 5
50827 5
50828 5
50831 5
50832 5
51651 5
51652 5
51655 5
51656 5
52475 5
52476 5
52479 5
52480 5
53299 5
53300 5
53303 5
53304 5
48363 5
48364 5
48367 5
48368 5
49187 5
49188 5
49191 5
49192 5
50011 5
50012 5
50015 5
50016 5
50835 5
50836 5
50839 5
50840 5
51659 5
51660 5
51663 5
51664 5
52483 5
52484 5
52487 5
52488 5
53307 5
53308 5
53311 5
53312 5
48371 5
48372 5
48375 5
48376 5
49195 5
49196 5
49199 5
49200 5
50019 5
50020 5
50023 5
50024 5
50843 5
50844 5
50847 5
50848 5
51667 5
51668 5
51671 5
51672 5
52491 5
52492 5
52495 5
52496 5
53315 5
53316 5
53319 5
53320 5
48379 5
48380 5
48383 5
48384 5
49203 5
49204 5
49207 5
49208 5
50027 5
50028 5
50031 5
50032 5
50851 5
50852 5
50855 5
50856 5
51675 5
51676 5
51679 5
51680 5
52499 5
52500 5
52503 5
52504 5
53323 5
53324 5
53327 5
53328 5
48387 5
48388 5
48391 5
48392 5
49211 5
49212 5
49215 5
49216 5
50035 5
50036 5
50039 5
50040 5
50859 5
50860 5
50863 5
50864 5
51683 5
51684 5
51687 5
51688 5
52507 5
52508 5
52511 5
52512 5
53331 5
53332 5
53335 5
53336 5
42435 5
42436 5
42439 5
42440 5
43283 5
43284 5
43287 5
43288 5
44131 5
44132 5
44135 5
44136 5
44979 5
44980 5
44983 5
44984 5
45827 5
45828 5
45831 5
45832 5
46675 5
46676 5
46679 5
46680 5
47523 5
47524 5
47527 5
47528 5
42443 5
42444 5
42447 5
42448 5
43291 5
43292 5
43295 5
43296 5
44139 5
44140 5
44143 5
44144 5
44987 5
44988 5
44991 5
44992 5
45835 5
45836 5
45839 5
45840 5
46683 5
46684 5
46687 5
46688 5
47531 5
47532 5
47535 5
47536 5
47584 5
47583 5
47580 5
47579 5
46736 5
46735 5
46732 5
46731 5
45888 5
45887 5
45884 5
45883 5
45040 5
45039 5
45036 5
45035 5
44192 5
44191 5
44188 5
44187 5
43344 5
43343 5
43340 5
43339 5
42496 5
42495 5
42492 5
42491 5
47576 5
47575 5
47572 5
47571 5
46728 5
46727 5
46724 5
46723 5
45880 5
45879 5
45876 5
45875 5
45032 5
45031 5
45028 5
45027 5
44184 5
44183 5
44180 5
44179 5
43336 5
43335 5
43332 5
43331 5
42488 5
42487 5
42484 5
42483 5
47568 5
47567 5
47564 5
47563 5
46720 5
46719 5
46716 5
46715 5
45872 5
45871 5
45868 5
45867 5
45024 5
45023 5
45020 5
45019 5
44176 5
44175 5
44172 5
44171 5
43328 5
43327 5
43324 5
43323 5
42480 5
42479 5
42476 5
42475 5
47560 5
47559 5
47556 5
47555 5
46712 5
46711 5
46708 5
46707 5
45864 5
45863 5
45860 5
45859 5
45016 5
45015 5
45012 5
45011 5
44168 5
44167 5
44164 5
44163 5
43320 5
43319 5
43316 5
43315 5
42472 5
42471 5
42468 5
42467 5
47552 5
47551 5
47548 5
47547 5
46704 5
46703 5
46700 5
46699 5
45856 5
45855 5
45852 5
45851 5
45008 5
45007 5
45004 5
45003 5
44160 5
44159 5
44156 5
44155 5
43312 5
43311 5
43308 5
43307 5
42464 5
42463 5
42460 5
42459 5
47544 5
47543 5
47540 5
47539 5
46696 5
46695 5
46692 5
46691 5
45848 5
45847 5
45844 5
45843 5
45000 5
44999 5
44996 5
44995 5
44152 5
44151 5
44148 5
44147 5
43304 5
43303 5
43300 5
43299 5
42456 5
42455 5
42452 5
42451 5
23507 5
23508 5
23511 5
23512 5
22659 5
22660 5
22663 5
22664 5
21811 5
21812 5
21815 5
21816 5
20963 5
20964 5
20967 5
20968 5
20115 5
20116 5
20119 5
20120 5
19267 5
19268 5
19271 5
19272 5
18419 5
18420 5
18423 5
18424 5
17571 5
17572 5
17575 5
17576 5
23515 5
23516 5
23519 5
23520 5
22667 5
22668 5
22671 5
22672 5
21819 5
21820 5
21823 5
21824 5
20971 5
20972 5
20975 5
20976 5
20123 5
20124 5
20127 5
20128 5
19275 5
19276 5
19279 5
19280 5
18427 5
18428 5
18431 5
18432 5
17579 5
17580 5
17583 5
17584 5
17632 5
17631 5
17628 5
17627 5
18480 5
18479 5
18476 5
18475 5
19328 5
19327 5
19324 5
19323 5
20176 5
20175 5
20172 5
20171 5
21024 5
21023 5
21020 5
21019 5
21872 5
21871 5
21868 5
21867 5
22720 5
22719 5
22716 5
22715 5
23568 5
23567 5
23564 5
23563 5
17624 5
17623 5
17620 5
17619 5
18472 5
18471 5
18468 5
18467 5
19320 5
19319 5
19316 5
19315 5
20168 5
20167 5
20164 5
20163 5
21016 5
21015 5
21012 5
21011 5
21864 5
21863 5
21860 5
21859 5
22712 5
22711 5
22708 5
22707 5
23560 5
23559 5
23556 5
23555 5
17616 5
17615 5
17612 5
17611 5
18464 5
18463 5
18460 5
18459 5
19312 5
19311 5
19308 5
19307 5
20160 5
20159 5
20156 5
20155 5
21008 5
21007 5
21004 5
21003 5
21856 5
21855 5
21852 5
21851 5
22704 5
22703 5
22700 5
22699 5
23552 5
23551 5
23548 5
23547 5
17608 5
17607 5
17604 5
17603 5
18456 5
18455 5
18452 5
18451 5
19304 5
19303 5
19300 5
19299 5
20152 5
20151 5
20148 5
20147 5
21000 5
20999 5
20996 5
20995 5
21848 5
21847 5
21844 5
21843 5
22696 5
22695 5
22692 5
22691 5
23544 5
23543 5
23540 5
23539 5
17600 5
17599 5
17596 5
17595 5
18448 5
18447 5
18444 5
18443 5
19296 5
19295 5
19292 5
19291 5
20144 5
20143 5
20140 5
20139 5
20992 5
20991 5
20988 5
20987 5
21840 5
21839 5
21836 5
21835 5
22688 5
22687 5
22684 5
22683 5
23536 5
23535 5
23532 5
23531 5
17592 5
17591 5
17588 5
17587 5
18440 5
18439 5
18436 5
18435 5
19288 5
19287 5
19284 5
19283 5
20136 5
20135 5
20132 5
20131 5
20984 5
20983 5
20980 5
20979 5
21832 5
21831 5
21828 5
21827 5
22680 5
22679 5
22676 5
22675 5
23528 5
23527 5
23524 5
23523 5
