200 .000
1916
6703 6  3
6704 6  3
6705 6  3
6706 6  3
6707 6  3
6708 6  3
6709 6  3
6710 6  3
6711 6  3
6712 6  3
6713 6  3
6714 6  3
6715 6  3
6716 6  3
6717 6  3
6718 6  3
6719 6  3
6720 6  3
6721 6  3
6722 6  3
6723 6  3
6724 6  3
6725 6  3
6726 6  3
6727 6  3
6728 6  3
6729 6  3
6730 6  3
6731 6  3
6732 6  3
6733 6  3
6734 6  3
6735 6  3
6736 6  3
6737 6  3
6738 6  3
6739 6  3
6740 6  3
6741 6  3
6742 6  3
6743 6  3
6744 6  3
6745 6  3
6746 6  3
6747 6  3
6748 6  3
6749 6  3
6750 6  3
6751 6  3
6752 6  3
6753 6  3
6754 6  3
6755 6  3
6756 6  3
6757 6  3
6758 6  3
6759 6  3
6760 6  3
6761 6  3
6762 6  3
6763 6  3
6764 6  3
6765 6  3
6766 6  3
6767 6  3
6768 6  3
6769 6  3
6770 6  3
6771 6  3
6772 6  3
6773 6  3
6774 6  3
6775 6  3
6776 6  3
6777 6  3
6778 6  3
6779 6  3
6780 6  3
6781 6  3
6782 6  3
6783 6  3
6784 6  3
6785 6  3
6786 6  3
6787 6  3
6788 6  3
6789 6  3
6790 6  3
6791 6  3
6792 6  3
6793 6  3
6794 6  3
6795 6  3
6796 6  3
6797 6  3
6798 6  3
6799 6  3
6800 6  3
6801 6  3
6802 6  3
6803 6  3
6804 6  3
6805 6  3
6806 6  3
6807 6  3
6808 6  3
6809 6  3
6810 6  3
6811 6  3
6812 6  3
6813 6  3
6814 6  3
6815 6  3
6816 6  3
6817 6  3
6818 6  3
6819 6  3
6820 6  3
6821 6  3
6822 6  3
6823 6  3
6824 6  3
6825 6  3
6826 6  3
6827 6  3
6828 6  3
6829 6  3
6830 6  3
6831 6  3
6832 6  3
6833 6  3
6834 6  3
6835 6  3
6836 6  3
6837 6  3
6838 6  3
6839 6  3
6840 6  3
6841 6  3
6842 6  3
6843 6  3
6844 6  3
6845 6  3
6846 6  3
6847 6  3
6848 6  3
6849 6  3
6850 6  3
6851 6  3
6852 6  3
6853 6  3
6854 6  3
6855 6  3
6856 6  3
6857 6  3
6858 6  3
6859 6  3
6860 6  3
6861 6  3
6862 6  3
6863 6  3
6864 6  3
6865 6  3
6866 6  3
6867 6  3
6868 6  3
6869 6  3
6870 6  3
6871 6  3
6872 6  3
6873 6  3
6874 6  3
6875 6  3
6876 6  3
6877 6  3
6878 6  3
6879 6  3
6880 6  3
6881 6  3
6882 6  3
6883 6  3
6884 6  3
6885 6  3
6886 6  3
6887 6  3
6888 6  3
6889 6  3
6890 6  3
6891 6  3
6892 6  3
6893 6  3
6894 6  3
6895 6  3
6896 6  3
6897 6  3
6898 6  3
6899 6  3
6900 6  3
6901 6  3
6902 6  3
6903 6  3
6904 6  3
6905 6  3
6906 6  3
6907 6  3
6908 6  3
6909 6  3
6910 6  3
6911 6  3
6912 6  3
6913 6  3
6914 6  3
6915 6  3
6916 6  3
6917 6  3
6918 6  3
6919 6  3
6920 6  3
6921 6  3
6922 6  3
6923 6  3
6924 6  3
6925 6  3
6926 6  3
6927 6  3
6928 6  3
6929 6  3
6930 6  3
6931 6  3
6932 6  3
6933 6  3
6934 6  3
6935 6  3
6936 6  3
6937 6  3
6938 6  3
6939 6  3
6940 6  3
6941 6  3
6942 6  3
6943 6  3
6944 6  3
6945 6  3
6946 6  3
6947 6  3
6948 6  3
6949 6  3
6950 6  3
6951 6  3
6952 6  3
6953 6  3
6954 6  3
6955 6  3
6956 6  3
6957 6  3
6958 6  3
6959 6  3
6960 6  3
6961 6  3
6962 6  3
6963 6  3
6964 6  3
6965 6  3
6966 6  3
6967 6  3
6968 6  3
6969 6  3
6970 6  3
6971 6  3
6972 6  3
6973 6  3
6974 6  3
6975 6  3
6976 6  3
6977 6  3
6978 6  3
6979 6  3
6980 6  3
6981 6  3
6982 6  3
6983 6  3
6984 6  3
6985 6  3
6986 6  3
6987 6  3
6988 6  3
6989 6  3
6990 6  3
6991 6  3
6992 6  3
6993 6  3
6994 6  3
6995 6  3
6996 6  3
6997 6  3
6998 6  3
6999 6  3
7000 6  3
7001 6  3
7002 6  3
7003 6  3
7004 6  3
7005 6  3
7006 6  3
7007 6  3
7008 6  3
7009 6  3
7010 6  3
7011 6  3
7012 6  3
7013 6  3
7014 6  3
7015 6  3
7016 6  3
7017 6  3
7018 6  3
7019 6  3
7020 6  3
7021 6  3
7022 6  3
7023 6  3
7024 6  3
7025 6  3
7026 6  3
7027 6  3
7028 6  3
7029 6  3
7030 6  3
7031 6  3
7032 6  3
7033 6  3
7034 6  3
7035 6  3
7036 6  3
7037 6  3
7038 6  3
7039 6  3
7040 6  3
7041 6  3
7042 6  3
7043 6  3
7044 6  3
7045 6  3
7046 6  3
7047 6  3
7048 6  3
7049 6  3
7050 6  3
7051 6  3
7052 6  3
7053 6  3
7054 6  3
7055 6  3
7056 6  3
7057 6  3
7058 6  3
7059 6  3
7060 6  3
7061 6  3
7062 6  3
7063 6  3
7064 6  3
7065 6  3
7066 6  3
7067 6  3
7068 6  3
7069 6  3
7070 6  3
7071 6  3
7072 6  3
7073 6  3
7074 6  3
7075 6  3
7076 6  3
7077 6  3
7078 6  3
7079 6  3
7080 6  3
7081 6  3
7082 6  3
7083 6  3
7084 6  3
7085 6  3
7086 6  3
7087 6  3
7088 6  3
7089 6  3
7090 6  3
7091 6  3
7092 6  3
7093 6  3
7094 6  3
7095 6  3
7096 6  3
7097 6  3
7098 6  3
7099 6  3
7100 6  3
7101 6  3
7102 6  3
7103 6  3
7104 6  3
7105 6  3
7106 6  3
7107 6  3
7108 6  3
7109 6  3
7110 6  3
7111 6  3
7112 6  3
7113 6  3
7114 6  3
7115 6  3
7116 6  3
7117 6  3
7118 6  3
7119 6  3
7120 6  3
7121 6  3
7122 6  3
7123 6  3
7124 6  3
7125 6  3
7126 6  3
7127 6  3
7128 6  3
7129 6  3
7130 6  3
7131 6  3
7132 6  3
7133 6  3
7134 6  3
7135 6  3
7136 6  3
7137 6  3
7138 6  3
7139 6  3
7140 6  3
7141 6  3
7142 6  3
7143 6  3
7144 6  3
7145 6  3
7146 6  3
7147 6  3
7148 6  3
7149 6  3
7150 6  3
7151 6  3
7152 6  3
7153 6  3
7154 6  3
7155 6  3
7156 6  3
7157 6  3
7158 6  3
7159 6  3
7160 6  3
7161 6  3
7162 6  3
7163 6  3
7164 6  3
7165 6  3
7166 6  3
7167 6  3
7168 6  3
7169 6  3
7170 6  3
7171 6  3
7172 6  3
7173 6  3
7174 6  3
7175 6  3
7176 6  3
7177 6  3
7178 6  3
7179 6  3
7180 6  3
7181 6  3
7182 6  3
7183 6  3
7184 6  3
7185 6  3
7186 6  3
7187 6  3
7188 6  3
7189 6  3
7190 6  3
7191 6  3
7192 6  3
7193 6  3
7194 6  3
7195 6  3
7196 6  3
7197 6  3
7198 6  3
7199 6  3
7200 6  3
7201 6  3
7202 6  3
7203 6  3
7204 6  3
7205 6  3
7206 6  3
7207 6  3
7208 6  3
7209 6  3
7210 6  3
7211 6  3
7212 6  3
7213 6  3
7214 6  3
7215 6  3
7216 6  3
7217 6  3
7218 6  3
7219 6  3
7220 6  3
7221 6  3
7222 6  3
7223 6  3
7224 6  3
7225 6  3
7226 6  3
7227 6  3
7228 6  3
7229 6  3
7230 6  3
7231 6  3
7232 6  3
7233 6  3
7234 6  3
7235 6  3
7236 6  3
7237 6  3
7238 6  3
7239 6  3
7240 6  3
7241 6  3
7242 6  3
7243 6  3
7244 6  3
7245 6  3
7246 6  3
7247 6  3
7248 6  3
7249 6  3
7250 6  3
7251 6  3
7252 6  3
7253 6  3
7254 6  3
7255 6  3
7256 6  3
7257 6  3
7258 6  3
7259 6  3
7260 6  3
7261 6  3
7262 6  3
7263 6  3
7264 6  3
7265 6  3
7266 6  3
7267 6  3
7268 6  3
7269 6  3
7270 6  3
7271 6  3
7272 6  3
7273 6  3
7274 6  3
7275 6  3
7276 6  3
7277 6  3
7278 6  3
7279 6  3
7280 6  3
7281 6  3
7282 6  3
7283 6  3
7284 6  3
7285 6  3
7286 6  3
7287 6  3
7288 6  3
7289 6  3
7290 6  3
7291 6  3
7292 6  3
7293 6  3
7294 6  3
7295 6  3
7296 6  3
7297 6  3
7298 6  3
7299 6  3
7300 6  3
7301 6  3
7302 6  3
7303 6  3
7304 6  3
7305 6  3
7306 6  3
7307 6  3
7308 6  3
7309 6  3
7310 6  3
7311 6  3
7312 6  3
7313 6  3
7314 6  3
7315 6  3
7316 6  3
7317 6  3
7318 6  3
7319 6  3
7320 6  3
7321 6  3
7322 6  3
7323 6  3
7324 6  3
7325 6  3
7326 6  3
7327 6  3
7328 6  3
7329 6  3
7330 6  3
7331 6  3
7332 6  3
7333 6  3
7334 6  3
7335 6  3
7336 6  3
7337 6  3
7338 6  3
7339 6  3
7340 6  3
7341 6  3
7342 6  3
7343 6  3
7344 6  3
7345 6  3
7346 6  3
7347 6  3
7348 6  3
7349 6  3
7350 6  3
7351 6  3
7352 6  3
7353 6  3
7354 6  3
7355 6  3
7356 6  3
7357 6  3
7358 6  3
7359 6  3
7360 6  3
7361 6  3
7362 6  3
7363 6  3
7364 6  3
7365 6  3
7366 6  3
7367 6  3
7368 6  3
7369 6  3
7370 6  3
7371 6  3
7372 6  3
7373 6  3
7374 6  3
7375 6  3
7376 6  3
7377 6  3
7378 6  3
7379 6  3
7380 6  3
7381 6  3
7382 6  3
7383 6  3
7384 6  3
7385 6  3
7386 6  3
7387 6  3
7388 6  3
7389 6  3
7390 6  3
7391 6  3
7392 6  3
7393 6  3
7394 6  3
7395 6  3
7396 6  3
7397 6  3
7398 6  3
7399 6  3
7400 6  3
7401 6  3
7402 6  3
7403 6  3
7404 6  3
7405 6  3
7406 6  3
7407 6  3
7408 6  3
7409 6  3
7410 6  3
7411 6  3
7412 6  3
7413 6  3
7414 6  3
7415 6  3
7416 6  3
7417 6  3
7418 6  3
7419 6  3
7420 6  3
7421 6  3
7422 6  3
7423 6  3
7424 6  3
7425 6  3
7426 6  3
7427 6  3
7428 6  3
7429 6  3
7430 6  3
7431 6  3
7432 6  3
7433 6  3
7434 6  3
7435 6  3
7436 6  3
7437 6  3
7438 6  3
7439 6  3
7440 6  3
7441 6  3
7442 6  3
7443 6  3
7444 6  3
7445 6  3
7446 6  3
7447 6  3
7448 6  3
7449 6  3
7450 6  3
7451 6  3
7452 6  3
7453 6  3
7454 6  3
7455 6  3
7456 6  3
7457 6  3
7458 6  3
7459 6  3
7460 6  3
7461 6  3
7462 6  3
7463 6  3
7464 6  3
7465 6  3
7466 6  3
7467 6  3
7468 6  3
7469 6  3
7470 6  3
7471 6  3
7472 6  3
7473 6  3
7474 6  3
7475 6  3
7476 6  3
7477 6  3
7478 6  3
7479 6  3
7480 6  3
7481 6  3
7482 6  3
7483 6  3
7484 6  3
7485 6  3
7486 6  3
7487 6  3
7488 6  3
7489 6  3
7490 6  3
7491 6  3
7492 6  3
7493 6  3
7494 6  3
7495 6  3
7496 6  3
7497 6  3
7498 6  3
7499 6  3
7500 6  3
7501 6  3
7502 6  3
7503 6  3
7504 6  3
7505 6  3
7506 6  3
7507 6  3
7508 6  3
7509 6  3
7510 6  3
7511 6  3
7512 6  3
7513 6  3
7514 6  3
7515 6  3
7516 6  3
7517 6  3
7518 6  3
7519 6  3
7520 6  3
7521 6  3
7522 6  3
7523 6  3
7524 6  3
7525 6  3
7526 6  3
7527 6  3
7528 6  3
7529 6  3
7530 6  3
7531 6  3
7532 6  3
7533 6  3
7534 6  3
7535 6  3
7536 6  3
7537 6  3
7538 6  3
7539 6  3
7540 6  3
7541 6  3
7542 6  3
7543 6  3
7544 6  3
7545 6  3
7546 6  3
7547 6  3
7548 6  3
7549 6  3
7550 6  3
7551 6  3
7552 6  3
7553 6  3
7554 6  3
7555 6  3
7556 6  3
7557 6  3
7558 6  3
7559 6  3
7560 6  3
7561 6  3
7562 6  3
7563 6  3
7564 6  3
7565 6  3
7566 6  3
7567 6  3
7568 6  3
7569 6  3
7570 6  3
7571 6  3
7572 6  3
7573 6  3
7574 6  3
7575 6  3
7576 6  3
7577 6  3
7578 6  3
7579 6  3
7580 6  3
7581 6  3
7582 6  3
7583 6  3
7584 6  3
7585 6  3
7586 6  3
7587 6  3
7588 6  3
7589 6  3
7590 6  3
7591 6  3
7592 6  3
7593 6  3
7594 6  3
7595 6  3
7596 6  3
7597 6  3
7598 6  3
7599 6  3
7600 6  3
7601 6  3
7602 6  3
7603 6  3
7604 6  3
7605 6  3
7606 6  3
7607 6  3
7608 6  3
7609 6  3
7610 6  3
7611 6  3
7612 6  3
7613 6  3
7614 6  3
7615 6  3
7616 6  3
7617 6  3
7618 6  3
7619 6  3
7620 6  3
7621 6  3
7622 6  3
7623 6  3
7624 6  3
7625 6  3
7626 6  3
7627 6  3
7628 6  3
7629 6  3
7630 6  3
7631 6  3
7632 6  3
7633 6  3
7634 6  3
7635 6  3
7636 6  3
7637 6  3
7638 6  3
7639 6  3
7640 6  3
7641 6  3
7642 6  3
7643 6  3
7644 6  3
7645 6  3
7646 6  3
7647 6  3
7648 6  3
7649 6  3
7650 6  3
7651 6  3
7652 6  3
7653 6  3
7654 6  3
7655 6  3
7656 6  3
7657 6  3
7658 6  3
7659 6  3
7660 6  3
7661 6  3
7662 6  3
7663 6  3
7664 6  3
7665 6  3
7666 6  3
7667 6  3
7668 6  3
7669 6  3
7670 6  3
7671 6  3
7672 6  3
7673 6  3
7674 6  3
7675 6  3
7676 6  3
7677 6  3
7678 6  3
7679 6  3
7680 6  3
7681 6  3
7682 6  3
7683 6  3
7684 6  3
7685 6  3
7686 6  3
7687 6  3
7688 6  3
7689 6  3
7690 6  3
7691 6  3
7692 6  3
7693 6  3
7694 6  3
7695 6  3
7696 6  3
7697 6  3
7698 6  3
7699 6  3
7700 6  3
7701 6  3
7702 6  3
7703 6  3
7704 6  3
7705 6  3
7706 6  3
7707 6  3
7708 6  3
7709 6  3
7710 6  3
7711 6  3
7712 6  3
7713 6  3
7714 6  3
7715 6  3
7716 6  3
7717 6  3
7718 6  3
7719 6  3
7720 6  3
7721 6  3
7722 6  3
7723 6  3
7724 6  3
7725 6  3
7726 6  3
7727 6  3
7728 6  3
7729 6  3
7730 6  3
7731 6  3
7732 6  3
7733 6  3
7734 6  3
7735 6  3
7736 6  3
7737 6  3
7738 6  3
7739 6  3
7740 6  3
7741 6  3
7742 6  3
7743 6  3
7744 6  3
7745 6  3
7746 6  3
7747 6  3
7748 6  3
7749 6  3
7750 6  3
7751 6  3
7752 6  3
7753 6  3
7754 6  3
7755 6  3
7756 6  3
7757 6  3
7758 6  3
7759 6  3
7760 6  3
7761 6  3
7762 6  3
7763 6  3
7764 6  3
7765 6  3
7766 6  3
7767 6  3
7768 6  3
7769 6  3
7770 6  3
7771 6  3
7772 6  3
7773 6  3
7774 6  3
7775 6  3
7776 6  3
7777 6  3
7778 6  3
7779 6  3
7780 6  3
7781 6  3
7782 6  3
7783 6  3
7784 6  3
7785 6  3
7786 6  3
7787 6  3
7788 6  3
7789 6  3
7790 6  3
7791 6  3
7792 6  3
7793 6  3
7794 6  3
7795 6  3
7796 6  3
7797 6  3
7798 6  3
7799 6  3
7800 6  3
7801 6  3
7802 6  3
7803 6  3
7804 6  3
7805 6  3
7806 6  3
7807 6  3
7808 6  3
7809 6  3
7810 6  3
7811 6  3
7812 6  3
7813 6  3
7814 6  3
7815 6  3
7816 6  3
7817 6  3
7818 6  3
7819 6  3
7820 6  3
7821 6  3
7822 6  3
7823 6  3
7824 6  3
7825 6  3
7826 6  3
7827 6  3
7828 6  3
7829 6  3
7830 6  3
7831 6  3
7832 6  3
7833 6  3
7834 6  3
7835 6  3
7836 6  3
7837 6  3
7838 6  3
7839 6  3
7840 6  3
7841 6  3
7842 6  3
7843 6  3
7844 6  3
7845 6  3
7846 6  3
7847 6  3
7848 6  3
7849 6  3
7850 6  3
7851 6  3
7852 6  3
7853 6  3
7854 6  3
7855 6  3
7856 6  3
7857 6  3
7858 6  3
7859 6  3
7860 6  3
7861 6  3
7862 6  3
7863 6  3
7864 6  3
7865 6  3
7866 6  3
7867 6  3
7868 6  3
7869 6  3
7870 6  3
7871 6  3
7872 6  3
7873 6  3
7874 6  3
7875 6  3
7876 6  3
7877 6  3
7878 6  3
7879 6  3
7880 6  3
7881 6  3
7882 6  3
7883 6  3
7884 6  3
7885 6  3
7886 6  3
7887 6  3
7888 6  3
7889 6  3
7890 6  3
7891 6  3
7892 6  3
7893 6  3
7894 6  3
7895 6  3
7896 6  3
7897 6  3
7898 6  3
7899 6  3
7900 6  3
7901 6  3
7902 6  3
7903 6  3
7904 6  3
7905 6  3
7906 6  3
7907 6  3
7908 6  3
7909 6  3
7910 6  3
7911 6  3
7912 6  3
7913 6  3
7914 6  3
7915 6  3
7916 6  3
7917 6  3
7918 6  3
7919 6  3
7920 6  3
7921 6  3
7922 6  3
7923 6  3
7924 6  3
7925 6  3
7926 6  3
7927 6  3
7928 6  3
7929 6  3
7930 6  3
7931 6  3
7932 6  3
7933 6  3
7934 6  3
7935 6  3
7936 6  3
7937 6  3
7938 6  3
7939 6  3
7940 6  3
7941 6  3
7942 6  3
7943 6  3
7944 6  3
7945 6  3
7946 6  3
7947 6  3
7948 6  3
7949 6  3
7950 6  3
7951 6  3
7952 6  3
7953 6  3
7954 6  3
7955 6  3
7956 6  3
7957 6  3
7958 6  3
7959 6  3
7960 6  3
7961 6  3
7962 6  3
7963 6  3
7964 6  3
7965 6  3
7966 6  3
7967 6  3
7968 6  3
7969 6  3
7970 6  3
7971 6  3
7972 6  3
7973 6  3
7974 6  3
7975 6  3
7976 6  3
7977 6  3
7978 6  3
7979 6  3
7980 6  3
7981 6  3
7982 6  3
7983 6  3
7984 6  3
7985 6  3
7986 6  3
7987 6  3
7988 6  3
7989 6  3
7990 6  3
7991 6  3
7992 6  3
7993 6  3
7994 6  3
7995 6  3
7996 6  3
7997 6  3
7998 6  3
7999 6  3
8000 6  3
8001 6  3
8002 6  3
8003 6  3
8004 6  3
8005 6  3
8006 6  3
8007 6  3
8008 6  3
8009 6  3
8010 6  3
8011 6  3
8012 6  3
8013 6  3
8014 6  3
8015 6  3
8016 6  3
8017 6  3
8018 6  3
8019 6  3
8020 6  3
8021 6  3
8022 6  3
8023 6  3
8024 6  3
8025 6  3
8026 6  3
8027 6  3
8028 6  3
8029 6  3
8030 6  3
8031 6  3
8032 6  3
8033 6  3
8034 6  3
8035 6  3
8036 6  3
8037 6  3
8038 6  3
8039 6  3
8040 6  3
8041 6  3
8042 6  3
8043 6  3
8044 6  3
8045 6  3
8046 6  3
8047 6  3
8048 6  3
8049 6  3
8050 6  3
8051 6  3
8052 6  3
8053 6  3
8054 6  3
8055 6  3
8056 6  3
8057 6  3
8058 6  3
8059 6  3
8060 6  3
8061 6  3
8062 6  3
8063 6  3
8064 6  3
8065 6  3
8066 6  3
8067 6  3
8068 6  3
8069 6  3
8070 6  3
8071 6  3
8072 6  3
8073 6  3
8074 6  3
8075 6  3
8076 6  3
8077 6  3
8078 6  3
8079 6  3
8080 6  3
8081 6  3
8082 6  3
8083 6  3
8084 6  3
8085 6  3
8086 6  3
8087 6  3
8088 6  3
8089 6  3
8090 6  3
8091 6  3
8092 6  3
8093 6  3
8094 6  3
8095 6  3
8096 6  3
8097 6  3
8098 6  3
8099 6  3
8100 6  3
8101 6  3
8102 6  3
8103 6  3
8104 6  3
8105 6  3
8106 6  3
8107 6  3
8108 6  3
8109 6  3
8110 6  3
8111 6  3
8112 6  3
8113 6  3
8114 6  3
8115 6  3
8116 6  3
8117 6  3
8118 6  3
8119 6  3
8120 6  3
8121 6  3
8122 6  3
8123 6  3
8124 6  3
8125 6  3
8126 6  3
8127 6  3
8128 6  3
8129 6  3
8130 6  3
8131 6  3
8132 6  3
8133 6  3
8134 6  3
8135 6  3
8136 6  3
8137 6  3
8138 6  3
8139 6  3
8140 6  3
8141 6  3
8142 6  3
8143 6  3
8144 6  3
8145 6  3
8146 6  3
8147 6  3
8148 6  3
8149 6  3
8150 6  3
8151 6  3
8152 6  3
8153 6  3
8154 6  3
8155 6  3
8156 6  3
8157 6  3
8158 6  3
8159 6  3
8160 6  3
8161 6  3
8162 6  3
8163 6  3
8164 6  3
8165 6  3
8166 6  3
8167 6  3
8168 6  3
8169 6  3
8170 6  3
8171 6  3
8172 6  3
8173 6  3
8174 6  3
8175 6  3
8176 6  3
8177 6  3
8178 6  3
8179 6  3
8180 6  3
8181 6  3
8182 6  3
8183 6  3
8184 6  3
8185 6  3
8186 6  3
8187 6  3
8188 6  3
8189 6  3
8190 6  3
8191 6  3
8192 6  3
8193 6  3
8194 6  3
8195 6  3
8196 6  3
8197 6  3
8198 6  3
8199 6  3
8200 6  3
8201 6  3
8202 6  3
8203 6  3
8204 6  3
8205 6  3
8206 6  3
8207 6  3
8208 6  3
8209 6  3
8210 6  3
8211 6  3
8212 6  3
8213 6  3
8214 6  3
8215 6  3
8216 6  3
8217 6  3
8218 6  3
8219 6  3
8220 6  3
8221 6  3
8222 6  3
8223 6  3
8224 6  3
8225 6  3
8226 6  3
8227 6  3
8228 6  3
8229 6  3
8230 6  3
8231 6  3
8232 6  3
8233 6  3
8234 6  3
8235 6  3
8236 6  3
8237 6  3
8238 6  3
8239 6  3
8240 6  3
8241 6  3
8242 6  3
8243 6  3
8244 6  3
8245 6  3
8246 6  3
8247 6  3
8248 6  3
8249 6  3
8250 6  3
8251 6  3
8252 6  3
8253 6  3
8254 6  3
8255 6  3
8256 6  3
8257 6  3
8258 6  3
8259 6  3
8260 6  3
8261 6  3
8262 6  3
8263 6  3
8264 6  3
8265 6  3
8266 6  3
8267 6  3
8268 6  3
8269 6  3
8270 6  3
8271 6  3
8272 6  3
8273 6  3
8274 6  3
8275 6  3
8276 6  3
8277 6  3
8278 6  3
8279 6  3
8280 6  3
8281 6  3
8282 6  3
8283 6  3
8284 6  3
8285 6  3
8286 6  3
8287 6  3
8288 6  3
8289 6  3
8290 6  3
8291 6  3
8292 6  3
8293 6  3
8294 6  3
8295 6  3
8296 6  3
8297 6  3
8298 6  3
8299 6  3
8300 6  3
8301 6  3
8302 6  3
8303 6  3
8304 6  3
8305 6  3
8306 6  3
8307 6  3
8308 6  3
8309 6  3
8310 6  3
8311 6  3
8312 6  3
8313 6  3
8314 6  3
8315 6  3
8316 6  3
8317 6  3
8318 6  3
8319 6  3
8320 6  3
8321 6  3
8322 6  3
8323 6  3
8324 6  3
8325 6  3
8326 6  3
8327 6  3
8328 6  3
8329 6  3
8330 6  3
8331 6  3
8332 6  3
8333 6  3
8334 6  3
8335 6  3
8336 6  3
8337 6  3
8338 6  3
8339 6  3
8340 6  3
8341 6  3
8342 6  3
8343 6  3
8344 6  3
8345 6  3
8346 6  3
8347 6  3
8348 6  3
8349 6  3
8350 6  3
8351 6  3
8352 6  3
8353 6  3
8354 6  3
8355 6  3
8356 6  3
8357 6  3
8358 6  3
8359 6  3
8360 6  3
8361 6  3
8362 6  3
8363 6  3
8364 6  3
8365 6  3
8366 6  3
8367 6  3
8368 6  3
8369 6  3
8370 6  3
8371 6  3
8372 6  3
8373 6  3
8374 6  3
8375 6  3
8376 6  3
8377 6  3
8378 6  3
8379 6  3
8380 6  3
8381 6  3
8382 6  3
8383 6  3
8384 6  3
8385 6  3
8386 6  3
8387 6  3
8388 6  3
8389 6  3
8390 6  3
8391 6  3
8392 6  3
8393 6  3
8394 6  3
8395 6  3
8396 6  3
8397 6  3
8398 6  3
8399 6  3
8400 6  3
8401 6  3
8402 6  3
8403 6  3
8404 6  3
8405 6  3
8406 6  3
8407 6  3
8408 6  3
8409 6  3
8410 6  3
8411 6  3
8412 6  3
8413 6  3
8414 6  3
8415 6  3
8416 6  3
8417 6  3
8418 6  3
8419 6  3
8420 6  3
8421 6  3
8422 6  3
8423 6  3
8424 6  3
8425 6  3
8426 6  3
8427 6  3
8428 6  3
8429 6  3
8430 6  3
8431 6  3
8432 6  3
8433 6  3
8434 6  3
8435 6  3
8436 6  3
8437 6  3
8438 6  3
8439 6  3
8440 6  3
8441 6  3
8442 6  3
8443 6  3
8444 6  3
8445 6  3
8446 6  3
8447 6  3
8448 6  3
8449 6  3
8450 6  3
8451 6  3
8452 6  3
8453 6  3
8454 6  3
8455 6  3
8456 6  3
8457 6  3
8458 6  3
8459 6  3
8460 6  3
8461 6  3
8462 6  3
8463 6  3
8464 6  3
8465 6  3
8466 6  3
8467 6  3
8468 6  3
8469 6  3
8470 6  3
8471 6  3
8472 6  3
8473 6  3
8474 6  3
8475 6  3
8476 6  3
8477 6  3
8478 6  3
8479 6  3
8480 6  3
8481 6  3
8482 6  3
8483 6  3
8484 6  3
8485 6  3
8486 6  3
8487 6  3
8488 6  3
8489 6  3
8490 6  3
8491 6  3
8492 6  3
8493 6  3
8494 6  3
8495 6  3
8496 6  3
8497 6  3
8498 6  3
8499 6  3
8500 6  3
8501 6  3
8502 6  3
8503 6  3
8504 6  3
8505 6  3
8506 6  3
8507 6  3
8508 6  3
8509 6  3
8510 6  3
8511 6  3
8512 6  3
8513 6  3
8514 6  3
8515 6  3
8516 6  3
8517 6  3
8518 6  3
8519 6  3
8520 6  3
8521 6  3
8522 6  3
8523 6  3
8524 6  3
8525 6  3
8526 6  3
8527 6  3
8528 6  3
8529 6  3
8530 6  3
8531 6  3
8532 6  3
8533 6  3
8534 6  3
8535 6  3
8536 6  3
8537 6  3
8538 6  3
8539 6  3
8540 6  3
8541 6  3
8542 6  3
8543 6  3
8544 6  3
8545 6  3
8546 6  3
8547 6  3
8548 6  3
8549 6  3
8550 6  3
8551 6  3
8552 6  3
8553 6  3
8554 6  3
8555 6  3
8556 6  3
8557 6  3
8558 6  3
8559 6  3
8560 6  3
8561 6  3
8562 6  3
8563 6  3
8564 6  3
8565 6  3
8566 6  3
8567 6  3
8568 6  3
8569 6  3
8570 6  3
8571 6  3
8572 6  3
8573 6  3
8574 6  3
8575 6  3
8576 6  3
8577 6  3
8578 6  3
8579 6  3
8580 6  3
8581 6  3
8582 6  3
8583 6  3
8584 6  3
8585 6  3
8586 6  3
8587 6  3
8588 6  3
8589 6  3
8590 6  3
8591 6  3
8592 6  3
8593 6  3
8594 6  3
8595 6  3
8596 6  3
8597 6  3
8598 6  3
8599 6  3
8600 6  3
8601 6  3
8602 6  3
8603 6  3
8604 6  3
8605 6  3
8606 6  3
8607 6  3
8608 6  3
8609 6  3
8610 6  3
8611 6  3
8612 6  3
8613 6  3
8614 6  3
8615 6  3
8616 6  3
8617 6  3
8618 6  3
